 time            time            v(N001)         v(N002)         v(N003)         v(N004)         v(N005)         v(N006)         v(N007)         @dled12_1[id]   @dled12_2[id]  
 1.00000000e-05  1.00000000e-05  5.00000000e+00  4.27390008e+00  4.27356877e+00  6.22124258e-01  7.42530216e-02  1.07097608e+00  2.17039643e-02  1.55542859e-02  1.57548049e-02 
 1.02401101e-05  1.02401101e-05  5.00000000e+00  4.27377979e+00  4.27358717e+00  6.23245922e-01  5.45472570e-02  1.05119106e+00  2.28157045e-02  1.56267880e-02  1.57435980e-02 
 1.07203302e-05  1.07203302e-05  5.00000000e+00  4.26748999e+00  1.10091690e+01  1.16040891e+01 -1.05287634e+00 -6.18181269e-02  1.10091690e+01  1.99287912e-02 -6.01916902e-12 
 1.09693911e-05  1.09693911e-05  5.00000000e+00  4.27343331e+00  4.27375552e+00  6.42669473e-01 -2.70005840e-03  9.85466328e-01  5.05612428e-02  1.58375310e-02  1.56414603e-02 
 1.10688699e-05  1.10688699e-05  5.00000000e+00  4.27342214e+00  4.27376952e+00  6.45007982e-01 -4.55837025e-03  9.83578366e-01  5.28610030e-02  1.58443723e-02  1.56329947e-02 
 1.11463140e-05  1.11463140e-05  5.00000000e+00  4.27341216e+00  4.27377768e+00  6.46374919e-01 -6.21889469e-03  9.81893575e-01  5.42005520e-02  1.58504854e-02  1.56280635e-02 
 1.12349442e-05  1.12349442e-05  5.00000000e+00  4.27339888e+00  4.27379719e+00  6.49604488e-01 -8.42970171e-03  9.79654014e-01  5.74020072e-02  1.58586244e-02  1.56162785e-02 
 1.13507726e-05  1.13507726e-05  5.00000000e+00  4.27337455e+00  4.27381272e+00  6.52181008e-01 -1.24839906e-02  9.75561049e-01  5.99474635e-02  1.58735502e-02  1.56069084e-02 
 1.14615217e-05  1.14615217e-05  5.00000000e+00  4.27334162e+00  4.27383153e+00  6.55286801e-01 -1.79778349e-02  9.70029736e-01  6.30301725e-02  1.58937757e-02  1.55955606e-02 
 1.15590006e-05  1.15590006e-05  5.00000000e+00  4.27331186e+00  4.27382890e+00  6.54870393e-01 -2.29469564e-02  9.65027639e-01  6.25990537e-02  1.59120697e-02  1.55971476e-02 
 1.16521395e-05  1.16521395e-05  5.00000000e+00  4.27330489e+00  4.27383645e+00  6.56116446e-01 -2.41118684e-02  9.63831111e-01  6.38356673e-02  1.59163584e-02  1.55925955e-02 
 1.17390578e-05  1.17390578e-05  5.00000000e+00  4.27332020e+00  4.27383014e+00  6.55087918e-01 -2.15543749e-02  9.66358533e-01  6.28015783e-02  1.59069429e-02  1.55964021e-02 
 1.18215324e-05  1.18215324e-05  5.00000000e+00  4.27334070e+00  4.27383898e+00  6.56540457e-01 -1.81314231e-02  9.69752209e-01  6.42508067e-02  1.58943413e-02  1.55910673e-02 
 1.19086604e-05  1.19086604e-05  5.00000000e+00  4.27335285e+00  4.27383350e+00  6.55644301e-01 -1.61039498e-02  9.71748136e-01  6.33522930e-02  1.58868771e-02  1.55943748e-02 
 1.19964240e-05  1.19964240e-05  5.00000000e+00  4.27335819e+00  4.27384268e+00  6.57149979e-01 -1.52122646e-02  9.72607720e-01  6.48561038e-02  1.58835943e-02  1.55888392e-02 
 1.21053526e-05  1.21053526e-05  5.00000000e+00  4.27335915e+00  4.27383694e+00  6.56211925e-01 -1.50523988e-02  9.72727595e-01  6.39159448e-02  1.58830057e-02  1.55923000e-02 
 1.22538462e-05  1.22538462e-05  5.00000000e+00  4.27336012e+00  4.27384546e+00  6.57610767e-01 -1.48900321e-02  9.72835385e-01  6.53119994e-02  1.58824080e-02  1.55871618e-02 
 1.25060830e-05  1.25060830e-05  5.00000000e+00  4.27335981e+00  4.27383882e+00  6.56527776e-01 -1.49423522e-02  9.72690344e-01  6.42242900e-02  1.58826006e-02  1.55911649e-02 
 1.30035526e-05  1.30035526e-05  5.00000000e+00  4.27336098e+00  4.27384624e+00  6.57751345e-01 -1.47473464e-02  9.72702518e-01  6.54385289e-02  1.58818827e-02  1.55866952e-02 
 1.39984919e-05  1.39984919e-05  5.00000000e+00  4.27336193e+00  4.27383907e+00  6.56597044e-01 -1.45890568e-02  9.72495333e-01  6.42654798e-02  1.58812999e-02  1.55910133e-02 
 1.59883704e-05  1.59883704e-05  5.00000000e+00  4.27336523e+00  4.27384645e+00  6.57842453e-01 -1.40389580e-02  9.72315246e-01  6.54730296e-02  1.58792748e-02  1.55865682e-02 
 1.99681275e-05  1.99681275e-05  5.00000000e+00  4.27337043e+00  4.27383954e+00  6.56787492e-01 -1.31709671e-02  9.71725898e-01  6.43409225e-02  1.58760793e-02  1.55907356e-02 
 2.79276417e-05  2.79276417e-05  5.00000000e+00  4.27338232e+00  4.27384746e+00  6.58245372e-01 -1.11888879e-02  9.70805347e-01  6.56388674e-02  1.58687839e-02  1.55859585e-02 
 4.38466701e-05  4.38466701e-05  5.00000000e+00  4.27340464e+00  4.27384127e+00  6.57572891e-01 -7.47124330e-03  9.68764355e-01  6.46248833e-02  1.58550959e-02  1.55896903e-02 
 7.56847269e-05  7.56847269e-05  5.00000000e+00  4.27345135e+00  4.27385070e+00  6.59879763e-01  2.99663137e-04  9.65194339e-01  6.61687859e-02  1.58264877e-02  1.55840071e-02 
 1.39360840e-04  1.39360840e-04  5.00000000e+00  4.27354512e+00  4.27384697e+00  6.61066805e-01  1.58571267e-02  9.58701222e-01  6.55580495e-02  1.57692149e-02  1.55862553e-02 
 2.66713067e-04  2.66713067e-04  5.00000000e+00  4.27374293e+00  4.27385937e+00  6.67441823e-01  4.84924335e-02  9.49231889e-01  6.75869892e-02  1.56490775e-02  1.55787866e-02 
 5.21417521e-04  5.21417521e-04  5.00000000e+00  4.27415258e+00  4.27385569e+00  6.76827673e-01  1.15296869e-01  9.37136956e-01  6.69861300e-02  1.54031778e-02  1.55809985e-02 
 1.00000000e-03  1.00000000e-03  5.00000000e+00  4.27483180e+00  4.27386913e+00  6.98687107e-01  2.23767567e-01  9.13577602e-01  6.91842951e-02  1.50039505e-02  1.55729068e-02 
 1.05094089e-03  1.05094089e-03  5.00000000e+00  4.27489077e+00  4.27386592e+00  7.00254856e-01  2.33059751e-01  9.10263813e-01  6.86598892e-02  1.49697835e-02  1.55748373e-02 
 1.15282267e-03  1.15282267e-03  5.00000000e+00  4.27499888e+00  4.27386804e+00  7.04778771e-01  2.50016573e-01  9.02725717e-01  6.90056476e-02  1.49073420e-02  1.55735644e-02 
 1.35658624e-03  1.35658624e-03  5.00000000e+00  4.27516119e+00  4.27387466e+00  7.14175881e-01  2.75360004e-01  8.84054043e-01  7.00890921e-02  1.48140836e-02  1.55695762e-02 
 1.62875989e-03  1.62875989e-03  5.00000000e+00  4.27517171e+00  4.27389980e+00  7.29259268e-01  2.76995798e-01  8.42098504e-01  7.41974912e-02  1.48080605e-02  1.55544531e-02 
 1.93262125e-03  1.93262125e-03  5.00000000e+00  4.27385973e+00  4.27549943e+00  9.42102468e-01  6.76457501e-02  6.20707805e-01  3.27671889e-01  1.55785703e-02  1.46216225e-02 
 2.10260539e-03  2.10260539e-03  5.00000000e+00  4.27385970e+00  4.27582262e+00  9.39588409e-01  6.76412811e-02  6.27889798e-01  3.77010835e-01  1.55785867e-02  1.44400580e-02 
 2.26800019e-03  2.26800019e-03  5.00000000e+00  4.27386060e+00  4.27613261e+00  9.36730141e-01  6.77886013e-02  6.35016306e-01  4.23765171e-01  1.55780444e-02  1.42680275e-02 
 2.44803637e-03  2.44803637e-03  5.00000000e+00  4.27386070e+00  4.27646800e+00  9.33695510e-01  6.78047906e-02  6.42614129e-01  4.73732434e-01  1.55779848e-02  1.40842058e-02 
 2.80810872e-03  2.80810872e-03  5.00000000e+00  4.27386260e+00  4.27711635e+00  9.26091265e-01  6.81162034e-02  6.58036886e-01  5.68517745e-01  1.55768385e-02  1.37355504e-02 
 3.52825342e-03  3.52825342e-03  5.00000000e+00  4.27386801e+00  4.27824662e+00  9.02281730e-01  6.90018139e-02  6.88887436e-01  7.28231632e-01  1.55735786e-02  1.31482438e-02 
 3.65325342e-03  3.65325342e-03  5.00000000e+00  4.27387063e+00  4.27839695e+00  8.95507879e-01  6.94292922e-02  6.94468256e-01  7.48943637e-01  1.55720049e-02  1.30720493e-02 
 3.90325342e-03  3.90325342e-03  5.00000000e+00  4.27387743e+00  4.27864293e+00  8.78204946e-01  7.05413699e-02  7.05849654e-01  7.82598086e-01  1.55679114e-02  1.29483211e-02 
 4.13607665e-03  4.13607665e-03  5.00000000e+00  4.27557714e+00  4.27386222e+00  1.47302141e-01  3.39584630e-01  9.43586950e-01  6.80541629e-02  1.45777553e-02  1.55770669e-02 
 4.30150392e-03  4.30150392e-03  5.00000000e+00  4.27590060e+00  4.27386175e+00  1.54982247e-01  3.88857853e-01  9.41869498e-01  6.79766905e-02  1.43965854e-02  1.55773521e-02 
 4.45428804e-03  4.45428804e-03  5.00000000e+00  4.27619591e+00  4.27386288e+00  1.62321432e-01  4.33245742e-01  9.39723891e-01  6.81622850e-02  1.42331492e-02  1.55766692e-02 
 4.63884608e-03  4.63884608e-03  5.00000000e+00  4.27655679e+00  4.27386247e+00  1.70881659e-01  4.86853425e-01  9.37828523e-01  6.80954055e-02  1.40359389e-02  1.55769156e-02 
 5.00796215e-03  5.00796215e-03  5.00000000e+00  4.27726238e+00  4.27386389e+00  1.88321237e-01  5.90940099e-01  9.33187023e-01  6.83271793e-02  1.36582209e-02  1.55760619e-02 
 5.74619429e-03  5.74619429e-03  5.00000000e+00  4.27866965e+00  4.27386462e+00  2.22670704e-01  7.91593081e-01  9.25186211e-01  6.84459133e-02  1.29349527e-02  1.55756248e-02 
 6.74619429e-03  6.74619429e-03  5.00000000e+00  4.28057616e+00  4.27386766e+00  2.69146597e-01  1.04556746e+00  9.14303034e-01  6.89441252e-02  1.20158051e-02  1.55737910e-02 
 7.74619429e-03  7.74619429e-03  5.00000000e+00  4.28251724e+00  4.27386942e+00  3.14965950e-01  1.28172223e+00  9.04760275e-01  6.92321009e-02  1.11470616e-02  1.55727309e-02 
 8.74619429e-03  8.74619429e-03  5.00000000e+00  4.28445460e+00  4.27387309e+00  3.60655270e-01  1.50018394e+00  8.95284073e-01  6.98325460e-02  1.03426172e-02  1.55705207e-02 
 9.74619429e-03  9.74619429e-03  5.00000000e+00  4.28639548e+00  4.27387518e+00  4.05647451e-01  1.70343672e+00  8.87062356e-01  7.01743636e-02  9.59491819e-03  1.55692623e-02 
 1.07461943e-02  1.07461943e-02  5.00000000e+00  4.28832934e+00  4.27387935e+00  4.50544032e-01  1.89139669e+00  8.78810587e-01  7.08552911e-02  8.90369105e-03  1.55667560e-02 
 1.17461943e-02  1.17461943e-02  5.00000000e+00  4.29026708e+00  4.27388169e+00  4.94712090e-01  2.06637209e+00  8.71728533e-01  7.12385546e-02  8.26102228e-03  1.55653450e-02 
 1.27461943e-02  1.27461943e-02  5.00000000e+00  4.29219598e+00  4.27388632e+00  5.38825519e-01  2.22805948e+00  8.64508170e-01  7.19947994e-02  7.66736148e-03  1.55625614e-02 
 1.37461943e-02  1.37461943e-02  5.00000000e+00  4.29419476e+00  4.27388924e+00  5.82231990e-01  2.37796811e+00  8.58039448e-01  7.24722788e-02  7.09716124e-03  1.55608036e-02 
 1.47461943e-02  1.47461943e-02  5.00000000e+00  4.29605732e+00  4.27389574e+00  6.25782324e-01  2.51296413e+00  8.49939154e-01  7.35348427e-02  6.60405497e-03  1.55568922e-02 
 1.57461943e-02  1.57461943e-02  5.00000000e+00  4.29764068e+00  4.27390685e+00  6.69578111e-01  2.62042690e+00  8.35112551e-01  7.53500825e-02  6.21190288e-03  1.55502103e-02 
 1.57621475e-02  1.57621475e-02  5.00000000e+00  4.29645119e+00  4.27423858e+00  7.24056160e-01  2.54030386e+00  7.55465047e-01  1.29185925e-01  6.50424941e-03  1.53520477e-02 
 1.57940539e-02  1.57940539e-02  5.00000000e+00  4.29647179e+00  4.27422596e+00  7.23306691e-01  2.54172275e+00  7.57770393e-01  1.27151383e-01  6.49907259e-03  1.53595373e-02 
 1.58107186e-02  1.58107186e-02  5.00000000e+00  4.29644019e+00  4.27422546e+00  7.23895843e-01  2.53954534e+00  7.56048065e-01  1.27069282e-01  6.50701797e-03  1.53598377e-02 
 1.58268298e-02  1.58268298e-02  5.00000000e+00  4.29646547e+00  4.27421697e+00  7.23175460e-01  2.54128821e+00  7.58224887e-01  1.25699893e-01  6.50065963e-03  1.53648789e-02 
 1.58590522e-02  1.58590522e-02  5.00000000e+00  4.29643056e+00  4.27421234e+00  7.23726588e-01  2.53888348e+00  7.56671663e-01  1.24952888e-01  6.50943957e-03  1.53676279e-02 
 1.59174465e-02  1.59174465e-02  5.00000000e+00  4.29645010e+00  4.27419209e+00  7.22810154e-01  2.54022913e+00  7.59499404e-01  1.21683459e-01  6.50452398e-03  1.53796663e-02 
 1.60241249e-02  1.60241249e-02  5.00000000e+00  4.29641087e+00  4.27416641e+00  7.22960401e-01  2.53752572e+00  7.59275101e-01  1.17533295e-01  6.51439694e-03  1.53949450e-02 
 1.62374818e-02  1.62374818e-02  5.00000000e+00  4.29648494e+00  4.27409544e+00  7.20079573e-01  2.54262907e+00  7.67849742e-01  1.06039260e-01  6.49576810e-03  1.54372454e-02 
 1.62908211e-02  1.62908211e-02  5.00000000e+00  4.29649468e+00  4.27407995e+00  7.19724374e-01  2.54329784e+00  7.68908375e-01  1.03526716e-01  6.49332169e-03  1.54464935e-02 
 1.63974995e-02  1.63974995e-02  5.00000000e+00  4.29659666e+00  4.27403689e+00  7.17052891e-01  2.55029988e+00  7.76043578e-01  9.65348956e-02  6.46777026e-03  1.54722299e-02 
 1.64006018e-02  1.64006018e-02  5.00000000e+00  4.29698568e+00  4.27395740e+00  7.04243159e-01  2.57675616e+00  8.02342911e-01  8.35980285e-02  6.37122069e-03  1.55198496e-02 
 1.64068065e-02  1.64068065e-02  5.00000000e+00  4.29703350e+00  4.27394523e+00  7.02512294e-01  2.57998110e+00  8.05238898e-01  8.16127775e-02  6.35945370e-03  1.55271573e-02 
 1.64107070e-02  1.64107070e-02  5.00000000e+00  4.29699058e+00  4.27395577e+00  7.04391255e-01  2.57708695e+00  8.02138807e-01  8.33318327e-02  6.37001500e-03  1.55208296e-02 
 1.64159931e-02  1.64159931e-02  5.00000000e+00  4.29701218e+00  4.27395017e+00  7.03695536e-01  2.57854495e+00  8.03326462e-01  8.24194828e-02  6.36469567e-03  1.55241881e-02 
 1.64217588e-02  1.64217588e-02  5.00000000e+00  4.29697986e+00  4.27395759e+00  7.05140838e-01  2.57636316e+00  8.00856394e-01  8.36285692e-02  6.37265453e-03  1.55197371e-02 
 1.64282285e-02  1.64282285e-02  5.00000000e+00  4.29698548e+00  4.27395580e+00  7.05114486e-01  2.57674232e+00  8.00925654e-01  8.33372867e-02  6.37127111e-03  1.55208094e-02 
 1.64370059e-02  1.64370059e-02  5.00000000e+00  4.29695151e+00  4.27396294e+00  7.06636821e-01  2.57444744e+00  7.98230633e-01  8.45003921e-02  6.37964479e-03  1.55165280e-02 
 1.64478812e-02  1.64478812e-02  5.00000000e+00  4.29693633e+00  4.27396532e+00  7.07468994e-01  2.57342150e+00  7.96748686e-01  8.48878503e-02  6.38338935e-03  1.55151018e-02 
 1.64481183e-02  1.64481183e-02  5.00000000e+00  4.29612587e+00  4.27409750e+00  7.28964734e-01  2.51775089e+00  7.41091578e-01  1.06374139e-01  6.58657439e-03  1.54360125e-02 
 1.64481225e-02  1.64481225e-02  5.00000000e+00  4.29543292e+00  4.27410211e+00  7.29711913e-01  2.51543156e+00  7.38772510e-01  1.07121153e-01  6.76542107e-03  1.54332628e-02 
 1.64481308e-02  1.64481308e-02  5.00000000e+00  4.29600949e+00  4.27411258e+00  7.31408638e-01  2.50961416e+00  7.32955655e-01  1.08817551e-01  6.61627899e-03  1.54270186e-02 
 1.64481474e-02  1.64481474e-02  5.00000000e+00  4.29569895e+00  4.27414777e+00  7.37108848e-01  2.48772682e+00  7.11069806e-01  1.14517116e-01  6.69619316e-03  1.54060395e-02 
 1.64481629e-02  1.64481629e-02  5.00000000e+00  4.27467831e+00  4.27473042e+00  8.30345906e-01  1.99500462e-01 -1.57715302e+00  2.07754475e-01  1.50932513e-02  1.50628739e-02 
 1.64481737e-02  1.64481737e-02  5.00000000e+00  4.27417754e+00  4.27612833e+00  1.04571240e+00  1.19331554e-01 -1.65732118e+00  4.23124305e-01  1.53883188e-02  1.42703853e-02 
 1.64481836e-02  1.64481836e-02  5.00000000e+00  4.27425581e+00  4.27476404e+00  8.35655855e-01  1.31963625e-01 -1.64468852e+00  2.13070855e-01  1.53418230e-02  1.50433081e-02 
 1.64481947e-02  1.64481947e-02  5.00000000e+00  4.27404127e+00  4.27610739e+00  1.04256666e+00  9.72473971e-02 -1.67940399e+00  4.19985114e-01  1.54696089e-02  1.42819471e-02 
 1.64482091e-02  1.64482091e-02  5.00000000e+00  4.27414283e+00  4.27479038e+00  8.39811200e-01  1.13716436e-01 -1.66293406e+00  2.17234147e-01  1.54089875e-02  1.50279990e-02 
 1.64482251e-02  1.64482251e-02  5.00000000e+00  4.27396198e+00  4.27609565e+00  1.04079549e+00  8.43445583e-02 -1.69230486e+00  4.18223411e-01  1.55171019e-02  1.42884269e-02 
 1.64482452e-02  1.64482452e-02  5.00000000e+00  4.27407049e+00  4.27481074e+00  8.43013424e-01  1.01992775e-01 -1.67465539e+00  2.20447638e-01  1.54521399e-02  1.50161714e-02 
 1.64482706e-02  1.64482706e-02  5.00000000e+00  4.27390537e+00  4.27609064e+00  1.04002864e+00  7.51070604e-02 -1.70153942e+00  4.17470760e-01  1.55511050e-02  1.42911950e-02 
 1.64483036e-02  1.64483036e-02  5.00000000e+00  4.27401502e+00  4.27482651e+00  8.45481286e-01  9.29791177e-02 -1.68366527e+00  2.22933703e-01  1.54853182e-02  1.50070213e-02 
 1.64483494e-02  1.64483494e-02  5.00000000e+00  4.27385940e+00  4.27609164e+00  1.04015385e+00  6.75919313e-02 -1.70904944e+00  4.17620529e-01  1.55787685e-02  1.42906435e-02 
 1.64484166e-02  1.64484166e-02  5.00000000e+00  4.27397068e+00  4.27483910e+00  8.47430805e-01  8.57618112e-02 -1.69087525e+00  2.24918438e-01  1.55118848e-02  1.49997167e-02 
 1.64485237e-02  1.64485237e-02  5.00000000e+00  4.27382300e+00  4.27609691e+00  1.04089008e+00  6.16324981e-02 -1.71499758e+00  4.18411057e-01  1.56007056e-02  1.42877349e-02 
 1.64487129e-02  1.64487129e-02  5.00000000e+00  4.27394140e+00  4.27484823e+00  8.48777129e-01  8.09889831e-02 -1.69562886e+00  2.26357086e-01  1.55294534e-02  1.49944220e-02 
 1.64490098e-02  1.64490098e-02  5.00000000e+00  4.27380674e+00  4.27607135e+00  1.04135329e+00  5.90248035e-02 -1.71757375e+00  4.19025691e-01  1.56105143e-02  1.43018586e-02 
 1.64494176e-02  1.64494176e-02  5.00000000e+00  4.27393611e+00  4.27482254e+00  8.49080776e-01  8.01790089e-02 -1.69639313e+00  2.26880206e-01  1.55326287e-02  1.50093204e-02 
 1.64501345e-02  1.64501345e-02  5.00000000e+00  4.27380662e+00  4.27607187e+00  1.04127744e+00  5.90000704e-02 -1.71752552e+00  4.19300136e-01  1.56105896e-02  1.43015702e-02 
 1.64515684e-02  1.64515684e-02  5.00000000e+00  4.27393614e+00  4.27482705e+00  8.49092583e-01  8.01831857e-02 -1.69624944e+00  2.27561857e-01  1.55326137e-02  1.50067032e-02 
 1.64544362e-02  1.64544362e-02  5.00000000e+00  4.27380664e+00  4.27608013e+00  1.04120528e+00  5.90034420e-02 -1.71724313e+00  4.20567489e-01  1.56105772e-02  1.42970065e-02 
 1.64601717e-02  1.64601717e-02  5.00000000e+00  4.27393615e+00  4.27484385e+00  8.48996656e-01  8.01842274e-02 -1.69569038e+00  2.30144232e-01  1.55326099e-02  1.49969638e-02 
 1.64716428e-02  1.64716428e-02  5.00000000e+00  4.27380668e+00  4.27611353e+00  1.04098823e+00  5.90095017e-02 -1.71612111e+00  4.25704159e-01  1.56105548e-02  1.42785528e-02 
 1.64945850e-02  1.64945850e-02  5.00000000e+00  4.27393621e+00  4.27491071e+00  8.48575265e-01  8.01942838e-02 -1.69344872e+00  2.40418752e-01  1.55325729e-02  1.49582445e-02 
 1.65404694e-02  1.65404694e-02  5.00000000e+00  4.27380681e+00  4.27624715e+00  1.04014086e+00  5.90307924e-02 -1.71163788e+00  4.46202570e-01  1.56104762e-02  1.42049786e-02 
 1.66322381e-02  1.66322381e-02  5.00000000e+00  4.27393647e+00  4.27517764e+00  8.46890628e-01  8.02365121e-02 -1.68448759e+00  2.81242218e-01  1.55324179e-02  1.48046665e-02 
 1.68157755e-02  1.68157755e-02  5.00000000e+00  4.27380733e+00  4.27677996e+00  1.03679794e+00  5.91163400e-02 -1.69373439e+00  5.27147711e-01  1.56101605e-02  1.39153573e-02 
 1.71828503e-02  1.71828503e-02  5.00000000e+00  4.27393753e+00  4.27623806e+00  8.40315528e-01  8.04105139e-02 -1.64875701e+00  4.40375497e-01  1.55317790e-02  1.42099739e-02 
 1.79170001e-02  1.79170001e-02  5.00000000e+00  4.27380953e+00  4.27888427e+00  1.02407470e+00  5.94765572e-02 -1.62257706e+00  8.34718968e-01  1.56088311e-02  1.28280638e-02 
 1.89170001e-02  1.89170001e-02  5.00000000e+00  4.27394125e+00  4.27951727e+00  8.21227900e-01  8.10189829e-02 -1.53739843e+00  9.00705024e-01  1.55295438e-02  1.25179299e-02 
 1.99170001e-02  1.99170001e-02  5.00000000e+00  4.27381439e+00  4.28280249e+00  1.00338877e+00  6.02719783e-02 -1.49512544e+00  1.33224982e+00  1.56058997e-02  1.10248039e-02 
 2.09170001e-02  2.09170001e-02  5.00000000e+00  4.27394658e+00  4.28328536e+00  8.01949479e-01  8.18880778e-02 -1.41110016e+00  1.36216109e+00  1.55263461e-02  1.08208882e-02 
 2.19170001e-02  2.19170001e-02  5.00000000e+00  4.27382023e+00  4.28678385e+00  9.85471791e-01  6.12292934e-02 -1.36995496e+00  1.76032419e+00  1.56023742e-02  9.45192710e-03 
 2.29170001e-02  2.29170001e-02  5.00000000e+00  4.27395273e+00  4.28702950e+00  7.85251630e-01  8.28908667e-02 -1.28708915e+00  1.75924677e+00  1.55226557e-02  9.36258317e-03 
 2.39170001e-02  2.39170001e-02  5.00000000e+00  4.27382683e+00  4.29077291e+00  9.69957924e-01  6.23090970e-02 -1.24706087e+00  2.12873706e+00  1.55983980e-02  8.10103333e-03 
 2.49170001e-02  2.49170001e-02  5.00000000e+00  4.27395957e+00  4.29074414e+00  7.70789137e-01  8.40067724e-02 -1.16534194e+00  2.10103197e+00  1.55185488e-02  8.11005011e-03 
 2.59170001e-02  2.59170001e-02  5.00000000e+00  4.27383405e+00  4.29477011e+00  9.56525946e-01  6.34914747e-02 -1.12641928e+00  2.44589360e+00  1.55940444e-02  6.94103116e-03 
 2.69170001e-02  2.69170001e-02  5.00000000e+00  4.27396699e+00  4.29442452e+00  7.58263124e-01  8.52159488e-02 -1.04583482e+00  2.39530593e+00  1.55140984e-02  7.03439489e-03 
 2.79170001e-02  2.79170001e-02  5.00000000e+00  4.27384177e+00  4.29877586e+00  9.44897914e-01  6.47559889e-02 -1.00800730e+00  2.71901249e+00  1.55893887e-02  5.94516556e-03 
 2.89170001e-02  2.89170001e-02  5.00000000e+00  4.27397486e+00  4.29806507e+00  7.47414814e-01  8.64981147e-02 -9.28544941e-01  2.64875833e+00  1.55093791e-02  6.11080908e-03 
 2.99170001e-02  2.99170001e-02  5.00000000e+00  4.27384987e+00  4.30279030e+00  9.34833128e-01  6.60818857e-02 -8.91802778e-01  2.95429339e+00  1.55845072e-02  5.09047137e-03 
 3.09170001e-02  3.09170001e-02  5.00000000e+00  4.27398305e+00  4.30165934e+00  7.38019959e-01  8.78328967e-02 -8.13450004e-01  2.86713437e+00  1.55044661e-02  5.31799348e-03 
 3.19170001e-02  3.19170001e-02  5.00000000e+00  4.27385822e+00  4.30681313e+00  9.26122989e-01  6.74484682e-02 -7.77783941e-01  3.15706076e+00  1.55794762e-02  4.35723781e-03 
 3.29170001e-02  3.29170001e-02  5.00000000e+00  4.27399145e+00  4.30519989e+00  7.29884088e-01  8.92002286e-02 -7.00527812e-01  3.05536814e+00  1.54994331e-02  4.63766082e-03 
 3.39170001e-02  3.39170001e-02  5.00000000e+00  4.27386670e+00  4.31084339e+00  9.18586613e-01  6.88355092e-02 -6.65928970e-01  3.33188734e+00  1.55743702e-02  3.72854738e-03 
 3.49170001e-02  3.49170001e-02  5.00000000e+00  4.27399993e+00  4.30867819e+00  7.22838461e-01  9.05807747e-02 -5.89755869e-01  3.21769701e+00  1.54943513e-02  4.05410755e-03 
 3.59170001e-02  3.59170001e-02  5.00000000e+00  4.27387519e+00  4.31487924e+00  9.12067078e-01  7.02236784e-02 -5.56215581e-01  3.48270024e+00  1.55692602e-02  3.18987855e-03 
 3.69170001e-02  3.69170001e-02  5.00000000e+00  4.27400839e+00  4.31208462e+00  7.16736604e-01  9.19563527e-02 -4.81110963e-01  3.35776000e+00  1.54892877e-02  3.55384432e-03 
 3.79170001e-02  3.79170001e-02  5.00000000e+00  4.27388357e+00  4.31891765e+00  9.06428209e-01  7.15949589e-02 -4.48620620e-01  3.61287200e+00  1.55642125e-02  2.72876269e-03 
 3.89170001e-02  3.89170001e-02  5.00000000e+00  4.27401671e+00  4.31540844e+00  7.11451351e-01  9.33103253e-02 -3.74568790e-01  3.47868208e+00  1.54843036e-02  3.12527690e-03 
 3.99170001e-02  3.99170001e-02  5.00000000e+00  4.27389176e+00  4.32295403e+00  9.01551815e-01  7.29330296e-02 -3.43119701e-01  3.72529875e+00  1.55592874e-02  2.33448734e-03 
 4.09170001e-02  4.09170001e-02  5.00000000e+00  4.27402481e+00  4.31863796e+00  7.06872295e-01  9.46279389e-02 -2.70103639e-01  3.58314669e+00  1.54794532e-02  2.75842999e-03 
 4.19170001e-02  4.19170001e-02  5.00000000e+00  4.27389966e+00  4.32698187e+00  8.97335302e-01  7.42235897e-02 -2.39686913e-01  3.82246728e+00  1.55545373e-02  1.99783893e-03 
 4.29170001e-02  4.29170001e-02  5.00000000e+00  4.27403262e+00  4.32176079e+00  7.02903604e-01  9.58965824e-02 -1.67688166e-01  3.67345788e+00  1.54747831e-02  2.44470793e-03 
 4.39170001e-02  4.39170001e-02  5.00000000e+00  4.27390719e+00  4.33099245e+00  8.93689608e-01  7.54546060e-02 -1.38294598e-01  3.90651268e+00  1.55500066e-02  1.71087939e-03 
 4.49170001e-02  4.49170001e-02  5.00000000e+00  4.27404006e+00  4.32476426e+00  6.99462135e-01  9.71059508e-02 -6.72932591e-02  3.75159375e+00  1.54703312e-02  2.17668774e-03 
 4.59170001e-02  4.59170001e-02  5.00000000e+00  4.27391431e+00  4.33497453e+00  8.90537421e-01  7.66164681e-02 -3.89132326e-02  3.97926781e+00  1.55457307e-02  1.46675237e-03 
 4.69170001e-02  4.69170001e-02  5.00000000e+00  4.27404709e+00  4.32763608e+00  6.96475811e-01  9.82481024e-02  3.11119797e-02  3.81925233e+00  1.54661267e-02  1.94794116e-03 
 4.79170001e-02  4.79170001e-02  5.00000000e+00  4.27392094e+00  4.34200320e+00  8.87939364e-01  7.76507561e-02  5.84375467e-02  4.04254570e+00  1.55417414e-02  1.11773615e-03 
 4.89170001e-02  4.89170001e-02  5.00000000e+00  4.27405382e+00  4.32919862e+00  6.93824856e-01  9.93419032e-02  1.27585018e-01  3.87800760e+00  1.54621008e-02  1.83374646e-03 
 4.99170001e-02  4.99170001e-02  5.00000000e+00  4.27392698e+00  4.34655535e+00  8.85604573e-01  7.86359788e-02  1.53874012e-01  4.09738241e+00  1.55381148e-02  9.37356397e-04 
 5.09170001e-02  5.09170001e-02  5.00000000e+00  4.27406003e+00  4.33130457e+00  6.91543525e-01  1.00349361e-01  2.22125068e-01  3.92899068e+00  1.54583929e-02  1.69035745e-03 
 5.19170001e-02  5.19170001e-02  5.00000000e+00  4.27393248e+00  4.35119389e+00  8.83594493e-01  7.95329576e-02  2.47394202e-01  4.14501684e+00  1.55348130e-02  7.83464903e-04 
 5.29170001e-02  5.29170001e-02  5.00000000e+00  4.27406579e+00  4.33306563e+00  6.89546244e-01  1.01284758e-01  3.14783393e-01  3.97326862e+00  1.54549505e-02  1.57909711e-03 
 5.39170001e-02  5.39170001e-02  5.00000000e+00  4.27393744e+00  4.35584477e+00  8.81863107e-01  8.03420857e-02  3.39035064e-01  4.18643672e+00  1.55318346e-02  6.54526522e-04 
 5.49170001e-02  5.49170001e-02  5.00000000e+00  4.27407093e+00  4.33937275e+00  6.87959179e-01  1.02063676e-01  4.05511623e-01  4.01207480e+00  1.54518787e-02  1.23739051e-03 
 5.59170001e-02  5.59170001e-02  5.00000000e+00  4.27394180e+00  4.36125501e+00  8.80392040e-01  8.10540928e-02  4.28822923e-01  4.22282889e+00  1.55292137e-02  5.30987920e-04 
 5.69170001e-02  5.69170001e-02  5.00000000e+00  4.27407933e+00  4.34141097e+00  6.85499789e-01  1.03427640e-01  4.95074914e-01  4.04419263e+00  1.54468582e-02  1.14362428e-03 
 5.79170001e-02  5.79170001e-02  5.00000000e+00  4.27394529e+00  4.36717298e+00  8.79216022e-01  8.16233358e-02  5.16724077e-01  4.25320076e+00  1.55271184e-02  4.22393146e-04 
 5.80420001e-02  5.80420001e-02  5.00000000e+00  4.27401189e+00  4.35328805e+00  7.82314101e-01  9.24707544e-02  5.32971383e-01  4.15820450e+00  1.54871903e-02  7.22531667e-04 
 5.82920001e-02  5.82920001e-02  5.00000000e+00  4.27401275e+00  4.35370818e+00  7.82129742e-01  9.26111514e-02  5.43898299e-01  4.16179345e+00  1.54866726e-02  7.10890106e-04 
 5.84959413e-02  5.84959413e-02  5.00000000e+00  4.27401334e+00  4.35405083e+00  7.81955920e-01  9.27070435e-02  5.52773737e-01  4.16463731e+00  1.54863196e-02  7.01534621e-04 
 5.87130781e-02  5.87130781e-02  5.00000000e+00  4.27401398e+00  4.35440701e+00  7.81771336e-01  9.28107901e-02  5.62205607e-01  4.16760104e+00  1.54859377e-02  6.91940182e-04 
 5.91473516e-02  5.91473516e-02  5.00000000e+00  4.27401545e+00  4.35509740e+00  7.81352269e-01  9.30490619e-02  5.81039740e-01  4.17326026e+00  1.54850607e-02  6.73715179e-04 
 6.00158985e-02  6.00158985e-02  5.00000000e+00  4.27402353e+00  4.35615976e+00  7.79317879e-01  9.43631828e-02  6.19293075e-01  4.18158028e+00  1.54802237e-02  6.46603899e-04 
 6.00290360e-02  6.00290360e-02  5.00000000e+00  4.27446070e+00  4.35267251e+00  7.51110778e-01  1.64852197e-01  6.90324899e-01  4.15289066e+00  1.52207722e-02  7.39932835e-04 
 6.00553109e-02  6.00553109e-02  5.00000000e+00  4.27444925e+00  4.35265852e+00  7.51934863e-01  1.63021278e-01  6.89579871e-01  4.15276858e+00  1.52275125e-02  7.40333219e-04 
 6.00690357e-02  6.00690357e-02  5.00000000e+00  4.27445012e+00  4.35252107e+00  7.51225435e-01  1.63159607e-01  6.90285423e-01  4.15156608e+00  1.52270019e-02  7.44277858e-04 
 6.00823033e-02  6.00823033e-02  5.00000000e+00  4.27444204e+00  4.35255788e+00  7.52023939e-01  1.61866976e-01  6.89541124e-01  4.15188884e+00  1.52317602e-02  7.43219433e-04 
 6.01088383e-02  6.01088383e-02  5.00000000e+00  4.27443960e+00  4.35237219e+00  7.51346476e-01  1.61477350e-01  6.90248172e-01  4.15026226e+00  1.52331936e-02  7.48574472e-04 
 6.01619084e-02  6.01619084e-02  5.00000000e+00  4.27442079e+00  4.35226493e+00  7.52283784e-01  1.58467224e-01  6.89431457e-01  4.14931171e+00  1.52442765e-02  7.51685053e-04 
 6.02568922e-02  6.02568922e-02  5.00000000e+00  4.27439987e+00  4.35184049e+00  7.51868500e-01  1.55115560e-01  6.90005758e-01  4.14555508e+00  1.52566135e-02  7.64121806e-04 
 6.04468597e-02  6.04468597e-02  5.00000000e+00  4.27434206e+00  4.35132567e+00  7.53658512e-01  1.45839163e-01  6.88582982e-01  4.14086529e+00  1.52907515e-02  7.79483434e-04 
 6.08267947e-02  6.08267947e-02  5.00000000e+00  4.27423135e+00  4.35037817e+00  7.56438016e-01  1.28019885e-01  6.86484903e-01  4.13207115e+00  1.53563394e-02  8.08567630e-04 
 6.09217784e-02  6.09217784e-02  5.00000000e+00  4.27419095e+00  4.35039606e+00  7.58899223e-01  1.21498782e-01  6.83900981e-01  4.13223403e+00  1.53803415e-02  8.08008308e-04 
 6.09455244e-02  6.09455244e-02  5.00000000e+00  4.27418090e+00  4.35040203e+00  7.59506936e-01  1.19873693e-01  6.83260484e-01  4.13229095e+00  1.53863237e-02  8.07821974e-04 
 6.09930163e-02  6.09930163e-02  5.00000000e+00  4.27415576e+00  4.35048064e+00  7.61278721e-01  1.15808497e-01  6.81165402e-01  4.13303086e+00  1.54012862e-02  8.05370396e-04 
 6.10048892e-02  6.10048892e-02  5.00000000e+00  4.27414819e+00  4.35051921e+00  7.61870541e-01  1.14585164e-01  6.80434990e-01  4.13339382e+00  1.54057892e-02  8.04170254e-04 
 6.10286352e-02  6.10286352e-02  5.00000000e+00  4.27412456e+00  4.35070047e+00  7.63983359e-01  1.10758691e-01  6.77594961e-01  4.13509077e+00  1.54198736e-02  7.98554569e-04 
 6.10293772e-02  6.10293772e-02  5.00000000e+00  4.27412372e+00  4.35070731e+00  7.64058958e-01  1.10623340e-01  6.77490457e-01  4.13515477e+00  1.54203719e-02  7.98343312e-04 
 6.10308613e-02  6.10308613e-02  5.00000000e+00  4.27412425e+00  4.35069405e+00  7.63958379e-01  1.10709453e-01  6.77638260e-01  4.13503088e+00  1.54200548e-02  7.98752612e-04 
 6.10312324e-02  6.10312324e-02  5.00000000e+00  4.27412555e+00  4.35067674e+00  7.63802704e-01  1.10919626e-01  6.77863854e-01  4.13486924e+00  1.54192813e-02  7.99287424e-04 
 6.10319744e-02  6.10319744e-02  5.00000000e+00  4.27413151e+00  4.35059977e+00  7.63094878e-01  1.11884752e-01  6.78859815e-01  4.13414905e+00  1.54157288e-02  8.01669454e-04 
 6.10321600e-02  6.10321600e-02  5.00000000e+00  4.27413490e+00  4.35055655e+00  7.62693357e-01  1.12432745e-01  6.79415512e-01  4.13374420e+00  1.54137118e-02  8.03010336e-04 
 6.10325310e-02  6.10325310e-02  5.00000000e+00  4.27414883e+00  4.35037144e+00  7.60958063e-01  1.14688793e-01  6.81686962e-01  4.13200170e+00  1.54054077e-02  8.08778042e-04 
 6.10326237e-02  6.10326237e-02  5.00000000e+00  4.27415760e+00  4.35024903e+00  7.59801598e-01  1.16106862e-01  6.83108876e-01  4.13084311e+00  1.54001879e-02  8.12614612e-04 
 6.10326469e-02  6.10326469e-02  5.00000000e+00  4.27415991e+00  4.35021724e+00  7.59502895e-01  1.16480620e-01  6.83483595e-01  4.13054386e+00  1.53988127e-02  8.13614151e-04 
 6.10326933e-02  6.10326933e-02  5.00000000e+00  4.27416534e+00  4.35013790e+00  7.58748393e-01  1.17359311e-01  6.84364208e-01  4.12978824e+00  1.53955782e-02  8.16113663e-04 
 6.10327861e-02  6.10327861e-02  5.00000000e+00  4.27418531e+00  4.34982880e+00  7.55792208e-01  1.20586296e-01  6.87595032e-01  4.12682953e+00  1.53837001e-02  8.25925190e-04 
 6.10328093e-02  6.10328093e-02  5.00000000e+00  4.27419467e+00  4.34967376e+00  7.54296776e-01  1.22099286e-01  6.89108980e-01  4.12533334e+00  1.53781311e-02  8.30890805e-04 
 6.10328556e-02  6.10328556e-02  5.00000000e+00  4.27422552e+00  4.34911519e+00  7.48845257e-01  1.27079561e-01  6.94091165e-01  4.11988010e+00  1.53598002e-02  8.49029625e-04 
 6.10328991e-02  6.10328991e-02  5.00000000e+00  4.27553957e+00  4.27428624e+00 -3.23416502e+00  3.33823968e-01  9.00831539e-01  1.36864925e-01  1.45989467e-02  1.53237827e-02 
 6.10329296e-02  6.10329296e-02  5.00000000e+00  4.27603568e+00  4.27405517e+00 -3.27152242e+00  4.09204150e-01  9.76202369e-01  9.95050785e-02  1.43215982e-02  1.54612967e-02 
 6.10329575e-02  6.10329575e-02  5.00000000e+00  4.27555445e+00  4.27406074e+00 -3.27061618e+00  3.36105295e-01  9.03094898e-01  1.00409089e-01  1.45905537e-02  1.54579702e-02 
 6.10329908e-02  6.10329908e-02  5.00000000e+00  4.27604288e+00  4.27395432e+00 -3.28792713e+00  4.10288618e-01  9.77268014e-01  8.30954596e-02  1.43176090e-02  1.55217000e-02 
 6.10330572e-02  6.10330572e-02  5.00000000e+00  4.27556743e+00  4.27397284e+00 -3.28490280e+00  3.38095123e-01  9.05054085e-01  8.61144820e-02  1.45832309e-02  1.55105874e-02 
 6.10331689e-02  6.10331689e-02  5.00000000e+00  4.27605577e+00  4.27387598e+00 -3.30070345e+00  4.12226809e-01  9.79151444e-01  7.03048584e-02  1.43104778e-02  1.55687823e-02 
 6.10333923e-02  6.10333923e-02  5.00000000e+00  4.27558027e+00  4.27391715e+00 -3.29395836e+00  3.40061728e-01  9.06917701e-01  7.70320377e-02  1.45759948e-02  1.55440190e-02 
 6.10336193e-02  6.10336193e-02  5.00000000e+00  4.27605830e+00  4.27385022e+00 -3.30486727e+00  4.13275339e-01  9.80061568e-01  6.61048892e-02  1.43090777e-02  1.55842941e-02 
 6.10339674e-02  6.10339674e-02  5.00000000e+00  4.27557877e+00  4.27391158e+00 -3.29480996e+00  3.40500859e-01  9.07180124e-01  7.61342776e-02  1.45768371e-02  1.55473672e-02 
 6.10344190e-02  6.10344190e-02  5.00000000e+00  4.27605991e+00  4.27384932e+00 -3.30495312e+00  4.13526976e-01  9.80067502e-01  6.59548503e-02  1.43081840e-02  1.55848394e-02 
 6.10353222e-02  6.10353222e-02  5.00000000e+00  4.27558152e+00  4.27391162e+00 -3.29469540e+00  3.40917787e-01  9.07180827e-01  7.61400832e-02  1.45752912e-02  1.55473471e-02 
 6.10371286e-02  6.10371286e-02  5.00000000e+00  4.27606511e+00  4.27384934e+00 -3.30473168e+00  4.14315609e-01  9.80023757e-01  6.59587922e-02  1.43053078e-02  1.55848249e-02 
 6.10407414e-02  6.10407414e-02  5.00000000e+00  4.27559209e+00  4.27391162e+00 -3.29426049e+00  3.42521701e-01  9.07120266e-01  7.61400125e-02  1.45693343e-02  1.55473474e-02 
 6.10479670e-02  6.10479670e-02  5.00000000e+00  4.27608617e+00  4.27384937e+00 -3.30385744e+00  4.17508887e-01  9.79889214e-01  6.59631177e-02  1.42936683e-02  1.55848090e-02 
 6.10624181e-02  6.10624181e-02  5.00000000e+00  4.27563423e+00  4.27391166e+00 -3.29251436e+00  3.48910643e-01  9.06858082e-01  7.61464520e-02  1.45456154e-02  1.55473237e-02 
 6.10913204e-02  6.10913204e-02  5.00000000e+00  4.27617040e+00  4.27384946e+00 -3.30036463e+00  4.30266045e-01  9.79362165e-01  6.59771619e-02  1.42471940e-02  1.55847572e-02 
 6.11491250e-02  6.11491250e-02  5.00000000e+00  4.27580259e+00  4.27391182e+00 -3.28553167e+00  3.74357401e-01  9.05808433e-01  7.61740589e-02  1.44512444e-02  1.55472222e-02 
 6.12647341e-02  6.12647341e-02  5.00000000e+00  4.27650666e+00  4.27384980e+00 -3.28640840e+00  4.80883090e-01  9.77273003e-01  6.60329564e-02  1.40631709e-02  1.55845516e-02 
 6.14959524e-02  6.14959524e-02  5.00000000e+00  4.27647317e+00  4.27391251e+00 -3.25765709e+00  4.74500247e-01  9.01674117e-01  7.62867529e-02  1.40813930e-02  1.55468079e-02 
 6.19583889e-02  6.19583889e-02  5.00000000e+00  4.27784072e+00  4.27385120e+00 -3.23081015e+00  6.76886130e-01  9.69174904e-01  6.62629285e-02  1.33562091e-02  1.55837040e-02 
 6.28832619e-02  6.28832619e-02  5.00000000e+00  4.27911092e+00  4.27391544e+00 -3.14706098e+00  8.50029812e-01  8.86136928e-01  7.67652448e-02  1.27161454e-02  1.55450487e-02 
 6.38832619e-02  6.38832619e-02  5.00000000e+00  4.28153750e+00  4.27385560e+00 -3.07838543e+00  1.17028688e+00  9.48697723e-01  6.69811765e-02  1.15774025e-02  1.55810580e-02 
 6.48832619e-02  6.48832619e-02  5.00000000e+00  4.28294330e+00  4.27392077e+00 -2.99003121e+00  1.32694256e+00  8.66297008e-01  7.76351329e-02  1.09649457e-02  1.55418481e-02 
 6.58832619e-02  6.58832619e-02  5.00000000e+00  4.28545685e+00  4.27386114e+00 -2.92283013e+00  1.61262664e+00  9.30198950e-01  6.78881290e-02  9.94951025e-03  1.55777191e-02 
 6.68832619e-02  6.68832619e-02  5.00000000e+00  4.28677498e+00  4.27392698e+00 -2.83586690e+00  1.73730961e+00  8.49117717e-01  7.86487757e-02  9.45516762e-03  1.55381178e-02 
 6.78832619e-02  6.78832619e-02  5.00000000e+00  4.28937686e+00  4.27386745e+00 -2.77013023e+00  1.99329016e+00  9.14178173e-01  6.89212300e-02  8.55030034e-03  1.55739161e-02 
 6.88832619e-02  6.88832619e-02  5.00000000e+00  4.29059245e+00  4.27393389e+00 -2.68454130e+00  2.09050932e+00  8.34243280e-01  7.97777123e-02  8.15775272e-03  1.55339631e-02 
 6.98832619e-02  6.98832619e-02  5.00000000e+00  4.29329643e+00  4.27387442e+00 -2.62025097e+00  2.32096754e+00  9.00303872e-01  7.00603377e-02  7.34798664e-03  1.55697229e-02 
 7.08832619e-02  7.08832619e-02  5.00000000e+00  4.29439360e+00  4.27394139e+00 -2.53602009e+00  2.39459469e+00  8.21364912e-01  8.10017154e-02  7.04281065e-03  1.55294584e-02 
 7.18832619e-02  7.18832619e-02  5.00000000e+00  4.29721553e+00  4.27388191e+00 -2.47315833e+00  2.60312230e+00  8.88289222e-01  7.12852349e-02  6.31485252e-03  1.55652140e-02 
 7.28832619e-02  7.28832619e-02  5.00000000e+00  4.29817604e+00  4.27394935e+00 -2.39026999e+00  2.65648215e+00  8.10215367e-01  8.23001436e-02  6.08464857e-03  1.55246796e-02 
 7.38832619e-02  7.38832619e-02  5.00000000e+00  4.30113409e+00  4.27388980e+00 -2.32881930e+00  2.84616462e+00  8.77885902e-01  7.25753478e-02  5.42709312e-03  1.55604651e-02 
 7.48832619e-02  7.48832619e-02  5.00000000e+00  4.30193705e+00  4.27395765e+00 -2.24725849e+00  2.88211197e+00  8.00563170e-01  8.36522386e-02  5.26119977e-03  1.55197031e-02 
 7.58832619e-02  7.58832619e-02  5.00000000e+00  4.30505194e+00  4.27389797e+00 -2.18720149e+00  3.05560003e+00  8.68878772e-01  7.39100993e-02  4.66426502e-03  1.55555520e-02 
 7.68832619e-02  7.68832619e-02  5.00000000e+00  4.30567351e+00  4.27396615e+00 -2.10695342e+00  3.07658614e+00  7.92207702e-01  8.50375134e-02  4.55351155e-03  1.55146045e-02 
 7.78832619e-02  7.78832619e-02  5.00000000e+00  4.30896880e+00  4.27390629e+00 -2.04827274e+00  3.23615712e+00  8.61081330e-01  7.52693072e-02  4.00881160e-03  1.55505489e-02 
 7.88832619e-02  7.88832619e-02  5.00000000e+00  4.30938183e+00  4.27397473e+00 -1.96932256e+00  3.24428670e+00  7.84975007e-01  8.64361671e-02  3.94530518e-03  1.55094565e-02 
 7.98832619e-02  7.98832619e-02  5.00000000e+00  4.31288425e+00  4.27391464e+00 -1.91200073e+00  3.39189733e+00  8.54331829e-01  7.66336009e-02  3.44565526e-03  1.55455272e-02 
 8.08832619e-02  8.08832619e-02  5.00000000e+00  4.31305791e+00  4.27398328e+00 -1.83433321e+00  3.38897740e+00  7.78714201e-01  8.78295007e-02  3.42259790e-03  1.55043280e-02 
 8.18832619e-02  8.18832619e-02  5.00000000e+00  4.31679764e+00  4.27392292e+00 -1.77835251e+00  3.52630907e+00  8.48489957e-01  7.79848311e-02  2.96184710e-03  1.55405537e-02 
 8.28832619e-02  8.28832619e-02  5.00000000e+00  4.31669714e+00  4.27399170e+00 -1.70195182e+00  3.51389107e+00  7.73294388e-01  8.92003106e-02  2.97337819e-03  1.54992823e-02 
 8.38832619e-02  8.38832619e-02  5.00000000e+00  4.32070803e+00  4.27393102e+00 -1.64729419e+00  3.64238864e+00  8.43433985e-01  7.93064484e-02  2.54626592e-03  1.55356892e-02 
 8.48832619e-02  8.48832619e-02  5.00000000e+00  4.32029426e+00  4.27399989e+00 -1.57214365e+00  3.62180448e+00  7.68602017e-01  9.05332344e-02  2.58732676e-03  1.54943760e-02 
 8.58832619e-02  8.58832619e-02  5.00000000e+00  4.32461412e+00  4.27393885e+00 -1.51879065e+00  3.74270971e+00  8.39058309e-01  8.05838280e-02  2.18935964e-03  1.55309877e-02 
 8.68832619e-02  8.68832619e-02  5.00000000e+00  4.32384343e+00  4.27400777e+00 -1.44487251e+00  3.71510273e+00  7.64538588e-01  9.18150291e-02  2.25557684e-03  1.54896578e-02 
 8.78832619e-02  8.78832619e-02  5.00000000e+00  4.32851413e+00  4.27394633e+00 -1.39280527e+00  3.82948290e+00  8.35271330e-01  8.18045199e-02  1.88292294e-03  1.55264949e-02 
 8.88832619e-02  8.88832619e-02  5.00000000e+00  4.32733815e+00  4.27401527e+00 -1.32010064e+00  3.79583446e+00  7.61018676e-01  9.30347643e-02  1.97050817e-03  1.54851681e-02 
 8.98832619e-02  8.98832619e-02  5.00000000e+00  4.33240569e+00  4.27395341e+00 -1.26929981e+00  3.90460696e+00  8.31993610e-01  8.29584104e-02  1.61990609e-03  1.55222480e-02 
 9.08832619e-02  9.08832619e-02  5.00000000e+00  4.33077131e+00  4.27402233e+00 -1.19778859e+00  3.86575931e+00  7.57968216e-01  9.41839198e-02  1.72556992e-03  1.54809381e-02 
 9.18832619e-02  9.18832619e-02  5.00000000e+00  4.33628572e+00  4.27396003e+00 -1.14823441e+00  3.96971273e+00  8.29156278e-01  8.40377886e-02  1.39425050e-03  1.55182755e-02 
 9.28832619e-02  9.28832619e-02  5.00000000e+00  4.33413523e+00  4.27402893e+00 -1.07789528e+00  3.92638853e+00  7.55323017e-01  9.52563840e-02  1.51512843e-03  1.54769904e-02 
 9.38832619e-02  9.38832619e-02  5.00000000e+00  4.34015027e+00  4.27396616e+00 -1.02956762e+00  4.02620077e+00  8.26699642e-01  8.50373155e-02  1.20074719e-03  1.55145969e-02 
 9.48832619e-02  9.48832619e-02  5.00000000e+00  4.33742178e+00  4.27403503e+00 -9.60378134e-01  3.97901999e+00  7.53027466e-01  9.62483578e-02  1.33433636e-03  1.54733389e-02 
 9.58832619e-02  9.58832619e-02  5.00000000e+00  4.34399444e+00  4.27397178e+00 -9.13256548e-01  4.07527380e+00  8.24571975e-01  8.59539056e-02  1.03491487e-03  1.55112236e-02 
 9.68832619e-02  9.68832619e-02  5.00000000e+00  4.34062257e+00  4.27404063e+00 -8.45193259e-01  4.02476815e+00  7.51033414e-01  9.71581740e-02  1.17902027e-03  1.54699899e-02 
 9.78832619e-02  9.78832619e-02  5.00000000e+00  4.34781224e+00  4.27397689e+00 -7.99257103e-01  4.11796447e+00  8.22728466e-01  8.67865328e-02  8.92895121e-04  1.55081595e-02 
 9.88832619e-02  9.88832619e-02  5.00000000e+00  4.34372916e+00  4.27404573e+00 -7.32295745e-01  4.06458986e+00  7.49299197e-01  9.79860513e-02  1.04558418e-03  1.54669426e-02 
 9.98832619e-02  9.98832619e-02  5.00000000e+00  4.35159656e+00  4.27398149e+00 -6.87524240e-01  4.15515920e+00  8.21130303e-01  8.75359795e-02  7.71362244e-04  1.55054015e-02 
 1.00883262e-01  1.00883262e-01  5.00000000e+00  4.34673337e+00  4.27405033e+00 -6.21639959e-01  4.09930645e+00  7.47788795e-01  9.87338014e-02  9.30927114e-04  1.54641902e-02 
 1.01883262e-01  1.01883262e-01  5.00000000e+00  4.35533921e+00  4.27398560e+00 -5.78012275e-01  4.18761879e+00  8.19743875e-01  8.82045495e-02  6.67446020e-04  1.55029412e-02 
 1.02883262e-01  1.02883262e-01  5.00000000e+00  4.34962767e+00  4.27405446e+00 -5.13179875e-01  4.12962282e+00  7.46471101e-01  9.94045136e-02  8.32372839e-04  1.54617214e-02 
 1.03883262e-01  1.03883262e-01  5.00000000e+00  4.35903099e+00  4.27398923e+00 -4.70675194e-01  4.21599597e+00  8.18540082e-01  8.87957650e-02  5.78665873e-04  1.55007657e-02 
 1.04883262e-01  1.04883262e-01  5.00000000e+00  4.35240552e+00  4.27405814e+00 -4.06869399e-01  4.15614385e+00  7.45319287e-01  1.00002237e-01  7.47610437e-04  1.54595213e-02 
 1.05883262e-01  1.05883262e-01  5.00000000e+00  4.36492183e+00  4.27399196e+00 -3.65552423e-01  4.24100838e+00  8.17568577e-01  8.92281877e-02  4.60803352e-04  1.54991251e-02 
 1.06883262e-01  1.06883262e-01  5.00000000e+00  4.35442073e+00  4.27406153e+00 -3.02641437e-01  4.17949085e+00  7.44276281e-01  1.00552185e-01  6.91573226e-04  1.54574980e-02 
 1.07883262e-01  1.07883262e-01  5.00000000e+00  4.36890038e+00  4.27399466e+00 -2.62437873e-01  4.26295302e+00  8.16671581e-01  8.96673466e-02  3.95104793e-04  1.54975086e-02 
 1.08883262e-01  1.08883262e-01  5.00000000e+00  4.35675982e+00  4.27406446e+00 -2.00482796e-01  4.20000852e+00  7.43376451e-01  1.01028053e-01  6.31775623e-04  1.54557468e-02 
 1.09883262e-01  1.09883262e-01  5.00000000e+00  4.37286797e+00  4.27399696e+00 -1.61363280e-01  4.28227224e+00  8.15894435e-01  9.00419194e-02  3.38916724e-04  1.54961298e-02 
 1.10883262e-01  1.10883262e-01  5.00000000e+00  4.36121780e+00  4.27406670e+00 -1.00406388e-01  4.21824464e+00  7.42663949e-01  1.01377125e-01  5.31752290e-04  1.54544058e-02 
 1.11883262e-01  1.11883262e-01  5.00000000e+00  4.37695025e+00  4.27399891e+00 -6.22823570e-02  4.29948564e+00  8.15219468e-01  9.03585486e-02  2.89432952e-04  1.54949643e-02 
 1.12883262e-01  1.12883262e-01  5.00000000e+00  4.36388791e+00  4.27406887e+00 -2.24343768e-03  4.23439891e+00  7.41978532e-01  1.01729572e-01  4.79596393e-04  1.54531085e-02 
 1.13883262e-01  1.13883262e-01  5.00000000e+00  4.38094864e+00  4.27400054e+00  3.48496264e-02  4.31476045e+00  8.14630183e-01  9.06243954e-02  2.47977003e-04  1.54939857e-02 
 1.14883262e-01  1.14883262e-01  5.00000000e+00  4.36615937e+00  4.27407081e+00  9.40024962e-02  4.24872416e+00  7.41358911e-01  1.02044467e-01  4.39274675e-04  1.54519494e-02 
 1.15883262e-01  1.15883262e-01  5.00000000e+00  4.38490087e+00  4.27400188e+00  1.30073197e-01  4.32833838e+00  8.14117436e-01  9.08427943e-02  2.12838465e-04  1.54931818e-02 
 1.16883262e-01  1.16883262e-01  5.00000000e+00  4.36845824e+00  4.27407246e+00  1.88359236e-01  4.26147772e+00  7.40812993e-01  1.02312767e-01  4.01916716e-04  1.54509618e-02 
 1.17883262e-01  1.17883262e-01  5.00000000e+00  4.38882019e+00  4.27400297e+00  2.23429786e-01  4.34045656e+00  8.13671107e-01  9.10186484e-02  1.82911583e-04  1.54925345e-02 
 1.18883262e-01  1.18883262e-01  5.00000000e+00  4.37063992e+00  4.27407389e+00  2.80872546e-01  4.27286809e+00  7.40324759e-01  1.02544136e-01  3.69405910e-04  1.54501102e-02 
 1.19883262e-01  1.19883262e-01  5.00000000e+00  4.39268912e+00  4.27400382e+00  3.14960284e-01  4.35130774e+00  8.13281648e-01  9.11571674e-02  1.57499298e-04  1.54920246e-02 
 1.20883262e-01  1.20883262e-01  5.00000000e+00  4.37270589e+00  4.27407512e+00  3.71582657e-01  4.28307287e+00  7.39885437e-01  1.02743537e-01  3.41047175e-04  1.54493762e-02 
 1.21883262e-01  1.21883262e-01  5.00000000e+00  4.39649629e+00  4.27400447e+00  4.04704240e-01  4.36105564e+00  8.12941016e-01  9.12630450e-02  1.35941770e-04  1.54916349e-02 
 1.22883262e-01  1.22883262e-01  5.00000000e+00  4.37465112e+00  4.27407630e+00  4.60547612e-01  4.29220031e+00  7.39464614e-01  1.02935029e-01  3.16338711e-04  1.54486714e-02 
 1.23883262e-01  1.23883262e-01  5.00000000e+00  4.40021416e+00  4.27400495e+00  4.92700283e-01  4.36979778e+00  8.12641138e-01  9.13418464e-02  1.17740685e-04  1.54913449e-02 
 1.24883262e-01  1.24883262e-01  5.00000000e+00  4.37621126e+00  4.27408118e+00  5.48398975e-01  4.29904677e+00  7.38360530e-01  1.03726980e-01  2.97821649e-04  1.54457564e-02 
 1.25883262e-01  1.25883262e-01  5.00000000e+00  4.40330327e+00  4.27400533e+00  5.78971028e-01  4.37636525e+00  8.12346370e-01  9.14035734e-02  1.04485906e-04  1.54911179e-02 
 1.26883262e-01  1.26883262e-01  5.00000000e+00  4.27390275e+00  4.27690650e+00  8.95137355e-01  7.46795123e-02 -3.45101202e+00  5.38097335e-01  1.55526793e-02  1.38474414e-02 
 1.27883262e-01  1.27883262e-01  5.00000000e+00  4.27386593e+00  4.27943113e+00  9.64457798e-01  6.86865485e-02 -3.37563818e+00  8.88343560e-01  1.55748311e-02  1.25596897e-02 
 1.28883262e-01  1.28883262e-01  5.00000000e+00  4.27390697e+00  4.28074898e+00  8.73611910e-01  7.53698150e-02 -3.28837459e+00  1.05808671e+00  1.55501379e-02  1.19357864e-02 
 1.29883262e-01  1.29883262e-01  5.00000000e+00  4.27387187e+00  4.28336346e+00  9.44353132e-01  6.96473958e-02 -3.21429685e+00  1.37057158e+00  1.55712551e-02  1.07882642e-02 
 1.30883262e-01  1.30883262e-01  5.00000000e+00  4.27391180e+00  4.28455095e+00  8.54966223e-01  7.61623607e-02 -3.12875360e+00  1.50545147e+00  1.55472387e-02  1.03041590e-02 
 1.31883262e-01  1.31883262e-01  5.00000000e+00  4.27387876e+00  4.28729753e+00  9.26939041e-01  7.07591199e-02 -3.05589451e+00  1.78549755e+00  1.55671098e-02  9.26605941e-03 
 1.32883262e-01  1.32883262e-01  5.00000000e+00  4.27391736e+00  4.28837178e+00  8.38830872e-01  7.70710697e-02 -2.97207787e+00  1.89044406e+00  1.55438925e-02  8.88909614e-03 
 1.33883262e-01  1.33883262e-01  5.00000000e+00  4.27388640e+00  4.29123365e+00  9.11856248e-01  7.20080987e-02 -2.90038809e+00  2.14260862e+00  1.55625123e-02  7.95800482e-03 
 1.34883262e-01  1.34883262e-01  5.00000000e+00  4.27392345e+00  4.29217659e+00  8.24863101e-01  7.80633268e-02 -2.81832363e+00  2.22184694e+00  1.55402386e-02  7.67311216e-03 
 1.35883262e-01  1.35883262e-01  5.00000000e+00  4.27389475e+00  4.29517234e+00  8.98792830e-01  7.33734959e-02 -2.74774234e+00  2.45004980e+00  1.55574862e-02  6.83392469e-03 
 1.36883262e-01  1.36883262e-01  5.00000000e+00  4.27393039e+00  4.29597507e+00  8.12765094e-01  7.91923746e-02 -2.66738226e+00  2.50720158e+00  1.55360667e-02  6.62508775e-03 
 1.37883262e-01  1.37883262e-01  5.00000000e+00  4.27390371e+00  4.29911420e+00  8.87479129e-01  7.48357723e-02 -2.59792210e+00  2.71481826e+00  1.55521035e-02  5.86790393e-03 
 1.38883262e-01  1.38883262e-01  5.00000000e+00  4.27393733e+00  4.29973543e+00  8.02296006e-01  8.03251284e-02 -2.51933191e+00  2.75300118e+00  1.55318971e-02  5.72864558e-03 
 1.39883262e-01  1.39883262e-01  5.00000000e+00  4.27391312e+00  4.30305982e+00  8.77681772e-01  7.63739946e-02 -2.45089317e+00  2.94292095e+00  1.55464413e-02  5.03770243e-03 
 1.40883262e-01  1.40883262e-01  5.00000000e+00  4.27394446e+00  4.30347225e+00  7.93234015e-01  8.14879279e-02 -2.37409170e+00  2.96480898e+00  1.55276168e-02  4.95801213e-03 
 1.41883262e-01  1.41883262e-01  5.00000000e+00  4.27392288e+00  4.30700995e+00  8.69198442e-01  7.79674465e-02 -2.30662226e+00  3.13951865e+00  1.55405758e-02  4.32420637e-03 
 1.42883262e-01  1.42883262e-01  5.00000000e+00  4.27395166e+00  4.30718245e+00  7.85390318e-01  8.26617826e-02 -2.23162693e+00  3.14740740e+00  1.55232959e-02  4.29546316e-03 
 1.43883262e-01  1.43883262e-01  5.00000000e+00  4.27393286e+00  4.31096539e+00  8.61853730e-01  7.95952506e-02 -2.16507690e+00  3.30904403e+00  1.55345839e-02  3.71100226e-03 
 1.44883262e-01  1.44883262e-01  5.00000000e+00  4.27395882e+00  4.31086265e+00  7.78601210e-01  8.38289770e-02 -2.09190228e+00  3.30490419e+00  1.55189995e-02  3.72577206e-03 
 1.45883262e-01  1.45883262e-01  5.00000000e+00  4.27394292e+00  4.31492701e+00  8.55495499e-01  8.12368872e-02 -2.02622489e+00  3.45530443e+00  1.55285411e-02  3.18399308e-03 
 1.46883262e-01  1.46883262e-01  5.00000000e+00  4.27396584e+00  4.31450909e+00  7.72724713e-01  8.49734271e-02 -1.95488147e+00  3.44082773e+00  1.55147868e-02  3.23585690e-03 
 1.47883262e-01  1.47883262e-01  5.00000000e+00  4.27395295e+00  4.31889578e+00  8.49991776e-01  8.28725837e-02 -1.89003397e+00  3.58157024e+00  1.55225202e-02  2.73107116e-03 
 1.48883262e-01  1.48883262e-01  5.00000000e+00  4.27397264e+00  4.31811769e+00  7.67637685e-01  8.60809802e-02 -1.82052694e+00  3.55820884e+00  1.55107100e-02  2.81447745e-03 
 1.49883262e-01  1.49883262e-01  5.00000000e+00  4.27396284e+00  4.32287272e+00  8.45228084e-01  8.44837035e-02 -1.75647142e+00  3.69065073e+00  1.55165898e-02  2.34183735e-03 
 1.50883262e-01  1.50883262e-01  5.00000000e+00  4.27397914e+00  4.32168402e+00  7.63233327e-01  8.71396406e-02 -1.68879968e+00  3.65965105e+00  1.55068132e-02  2.45197513e-03 
 1.51883262e-01  1.51883262e-01  5.00000000e+00  4.27397247e+00  4.32685890e+00  8.41105129e-01  8.60531179e-02 -1.62550368e+00  3.78495912e+00  1.55108130e-02  2.00735984e-03 
 1.52883262e-01  1.52883262e-01  5.00000000e+00  4.27398528e+00  4.32520332e+00  7.59419027e-01  8.81397136e-02 -1.55965907e+00  3.74739092e+00  1.55031321e-02  2.14004989e-03 
 1.53883262e-01  1.53883262e-01  5.00000000e+00  4.27398175e+00  4.33085543e+00  8.37536816e-01  8.75655419e-02 -1.49709612e+00  3.86656857e+00  1.55052459e-02  1.71996707e-03 
 1.54883262e-01  1.54883262e-01  5.00000000e+00  4.27399102e+00  4.32867057e+00  7.56114499e-01  8.90738654e-02 -1.43306286e+00  3.82334987e+00  1.54996937e-02  1.87156891e-03 
 1.55883262e-01  1.55883262e-01  5.00000000e+00  4.27399061e+00  4.33486337e+00  8.34448514e-01  8.90078135e-02 -1.37121268e+00  3.93726008e+00  1.54999372e-02  1.47306987e-03 
 1.56883262e-01  1.56883262e-01  5.00000000e+00  4.27399632e+00  4.33208048e+00  7.53250161e-01  8.99370975e-02 -1.30896727e+00  3.88917856e+00  1.54965164e-02  1.64040256e-03 
 1.57883262e-01  1.57883262e-01  5.00000000e+00  4.27399897e+00  4.33888372e+00  8.31775558e-01  9.03691005e-02 -1.24781580e+00  3.99856376e+00  1.54949265e-02  1.26100867e-03 
 1.58883262e-01  1.58883262e-01  5.00000000e+00  4.27400117e+00  4.33542759e+00  7.50765732e-01  9.07266443e-02 -1.18732703e+00  3.94629517e+00  1.54936103e-02  1.44128393e-03 
 1.59883262e-01  1.59883262e-01  5.00000000e+00  4.27400679e+00  4.34291734e+00  8.29461940e-01  9.16410202e-02 -1.12686625e+00  4.05179419e+00  1.54902449e-02  1.07892216e-03 
 1.60883262e-01  1.60883262e-01  5.00000000e+00  4.27400556e+00  4.33870629e+00  7.48609011e-01  9.14417980e-02 -1.06809566e+00  3.99591808e+00  1.54909782e-02  1.26968860e-03 
 1.61883262e-01  1.61883262e-01  5.00000000e+00  4.27401402e+00  4.34696481e+00  8.27459165e-01  9.28176645e-02 -1.00832318e+00  4.09808077e+00  1.54859140e-02  9.22634391e-04 
 1.62883262e-01  1.62883262e-01  5.00000000e+00  4.27401001e+00  4.34191487e+00  7.46734301e-01  9.21651717e-02 -9.51144606e-01  4.03909371e+00  1.54883142e-02  1.12155988e-03 
 1.63883262e-01  1.63883262e-01  5.00000000e+00  4.27402119e+00  4.35105664e+00  8.25725758e-01  9.39829795e-02 -8.92057921e-01  4.13839572e+00  1.54816230e-02  7.87633566e-04 
 1.64883262e-01  1.64883262e-01  5.00000000e+00  4.27401364e+00  4.34504363e+00  7.45103432e-01  9.27559595e-02 -8.36570123e-01  4.07672454e+00  1.54861396e-02  9.93774443e-04 
 1.65883262e-01  1.65883262e-01  5.00000000e+00  4.27402727e+00  4.35514443e+00  8.24224738e-01  9.49722404e-02 -7.78189620e-01  4.17357207e+00  1.54779816e-02  6.72491156e-04 
 1.66883262e-01  1.66883262e-01  5.00000000e+00  4.27401687e+00  4.34808978e+00  7.43682244e-01  9.32812227e-02 -7.24259529e-01  4.10958123e+00  1.54842061e-02  8.83365155e-04 
 1.67883262e-01  1.67883262e-01  5.00000000e+00  4.27403275e+00  4.35924967e+00  8.22925003e-01  9.58618862e-02 -6.66597346e-01  4.20432566e+00  1.54747069e-02  5.73794122e-04 
 1.68883262e-01  1.68883262e-01  5.00000000e+00  4.27401972e+00  4.35104928e+00  7.42441563e-01  9.37449391e-02 -6.14165170e-01  4.13832786e+00  1.54824992e-02  7.87857521e-04 
 1.69883262e-01  1.69883262e-01  5.00000000e+00  4.27403762e+00  4.36337187e+00  8.21799402e-01  9.66540230e-02 -5.57235766e-01  4.23127204e+00  1.54717911e-02  4.89261104e-04 
 1.70883262e-01  1.70883262e-01  5.00000000e+00  4.27402223e+00  4.35391876e+00  7.41356203e-01  9.41515848e-02 -5.06239792e-01  4.16353505e+00  1.54810024e-02  7.05125940e-04 
 1.71883262e-01  1.71883262e-01  5.00000000e+00  4.27404192e+00  4.36750975e+00  8.20824445e-01  9.73521956e-02 -4.50059006e-01  4.25493999e+00  1.54692212e-02  4.16928949e-04 
 1.72883262e-01  1.72883262e-01  5.00000000e+00  4.27402440e+00  4.35669562e+00  7.40404447e-01  9.45059014e-02 -4.00436771e-01  4.18569306e+00  1.54796982e-02  6.33345556e-04 
 1.73883262e-01  1.73883262e-01  5.00000000e+00  4.27404566e+00  4.37166100e+00  8.19979799e-01  9.79610937e-02 -3.45020945e-01  4.27578377e+00  1.54669799e-02  3.55106877e-04 
 1.74883262e-01  1.74883262e-01  5.00000000e+00  4.27402629e+00  4.35937815e+00  7.39567586e-01  9.48127100e-02 -2.96710299e-01  4.20522311e+00  1.54785688e-02  5.70950969e-04 
 1.75883262e-01  1.75883262e-01  5.00000000e+00  4.27404890e+00  4.37582205e+00  8.19247849e-01  9.84862641e-02 -2.42075491e-01  4.29419350e+00  1.54650468e-02  3.02337012e-04 
 1.76883262e-01  1.76883262e-01  5.00000000e+00  4.27402792e+00  4.36196549e+00  7.38829519e-01  9.50767626e-02 -1.95015520e-01  4.22248704e+00  1.54775969e-02  5.16600817e-04 
 1.77883262e-01  1.77883262e-01  5.00000000e+00  4.27405165e+00  4.37998797e+00  8.18613319e-01  9.89338444e-02 -1.41176843e-01  4.31050418e+00  1.54633993e-02  2.57360500e-04 
 1.78883262e-01  1.78883262e-01  5.00000000e+00  4.27402931e+00  4.36445767e+00  7.38176407e-01  9.53026287e-02 -9.53086323e-02  4.23779564e+00  1.54767655e-02  4.69147319e-04 
 1.79883262e-01  1.79883262e-01  5.00000000e+00  4.27405397e+00  4.38415228e+00  8.18062941e-01  9.93103254e-02 -4.22797084e-02  4.32500332e+00  1.54620135e-02  2.19088516e-04 
 1.80883262e-01  1.80883262e-01  5.00000000e+00  4.27403049e+00  4.36685549e+00  7.37596365e-01  9.54946159e-02  2.45304709e-03  4.25141574e+00  1.54760588e-02  4.27609935e-04 
 1.81883262e-01  1.81883262e-01  5.00000000e+00  4.27405589e+00  4.38830692e+00  8.17585178e-01  9.96223453e-02  5.46605054e-02  4.33793761e+00  1.54608650e-02  1.86577634e-04 
 1.82883262e-01  1.82883262e-01  5.00000000e+00  4.27403148e+00  4.36916042e+00  7.37079205e-01  9.56567168e-02  9.83110485e-02  4.26357638e+00  1.54754621e-02  3.91152321e-04 
 1.83883262e-01  1.83883262e-01  5.00000000e+00  4.27405746e+00  4.39244236e+00  8.17169982e-01  9.98765175e-02  1.49687537e-01  4.34951853e+00  1.54599294e-02  1.59009062e-04 
 1.84883262e-01  1.84883262e-01  5.00000000e+00  4.27403232e+00  4.37137452e+00  7.36616197e-01  9.57925810e-02  1.92305740e-01  4.27447398e+00  1.54749620e-02  3.59061856e-04 
 1.85883262e-01  1.85883262e-01  5.00000000e+00  4.27405871e+00  4.39654779e+00  8.16808598e-01  1.00079290e-01  2.42844149e-01  4.35992726e+00  1.54591830e-02  1.35671332e-04 
 1.86883262e-01  1.86883262e-01  5.00000000e+00  4.27403301e+00  4.37350032e+00  7.36199863e-01  9.59055134e-02  2.84476344e-01  4.28427690e+00  1.54745463e-02  3.30731286e-04 
 1.87883262e-01  1.87883262e-01  5.00000000e+00  4.27405968e+00  4.40061144e+00  8.16493383e-01  1.00236838e-01  3.34172043e-01  4.36931885e+00  1.54586031e-02  1.15946047e-04 
 1.88883262e-01  1.88883262e-01  5.00000000e+00  4.27403359e+00  4.37554058e+00  7.35823242e-01  9.59988209e-02  3.74861286e-01  4.29312822e+00  1.54742029e-02  3.05645118e-04 
 1.89883262e-01  1.89883262e-01  5.00000000e+00  4.27406041e+00  4.40462033e+00  8.16217478e-01  1.00355211e-01  4.23711977e-01  4.37782454e+00  1.54581674e-02  9.92986043e-05 
 1.90883262e-01  1.90883262e-01  5.00000000e+00  4.27403413e+00  4.37749013e+00  7.35462908e-01  9.60864290e-02  4.63508445e-01  4.30111650e+00  1.54738804e-02  2.83454137e-04 
 1.91883262e-01  1.91883262e-01  5.00000000e+00  4.27406097e+00  4.40853886e+00  8.15968826e-01  1.00447174e-01  5.11509759e-01  4.38551381e+00  1.54578289e-02  8.53390048e-05 
 1.92883262e-01  1.92883262e-01  5.00000000e+00  4.27403670e+00  4.37908798e+00  7.34595817e-01  9.65049749e-02  5.50780279e-01  4.30734045e+00  1.54723398e-02  2.66473247e-04 
 1.93883262e-01  1.93883262e-01  5.00000000e+00  4.27406269e+00  4.41164510e+00  8.15567695e-01  1.00726964e-01  5.97795328e-01  4.39122727e+00  1.54567990e-02  7.56817414e-05 
 1.94883262e-01  1.94883262e-01  5.00000000e+00  4.27683738e+00  4.27391371e+00 -3.45466524e+00  5.28022936e-01  8.99873127e-01  7.64705674e-02  1.38844979e-02  1.55460870e-02 
 1.95883262e-01  1.95883262e-01  5.00000000e+00  4.27930048e+00  4.27385435e+00 -3.38294182e+00  8.71020667e-01  9.60873464e-01  6.67742031e-02  1.26232886e-02  1.55818057e-02 
 1.96883262e-01  1.96883262e-01  5.00000000e+00  4.28068453e+00  4.27391857e+00 -3.29182074e+00  1.04998243e+00  8.78252012e-01  7.72629834e-02  1.19655636e-02  1.55431690e-02 
 1.97880368e-01  1.97880368e-01  5.00000000e+00  4.28322240e+00  4.27385949e+00 -3.22185460e+00  1.35446137e+00  9.40743575e-01  6.76068107e-02  1.08472631e-02  1.55787136e-02 
 1.98880368e-01  1.98880368e-01  5.00000000e+00  4.28448275e+00  4.27392388e+00 -3.13223729e+00  1.49843535e+00  8.59547793e-01  7.81424487e-02  1.03313656e-02  1.55399794e-02 
 1.99880368e-01  1.99880368e-01  5.00000000e+00  4.28701923e+00  4.27386520e+00 -3.06351202e+00  1.77110327e+00  9.23312521e-01  6.85517056e-02  9.36630070e-03  1.55752752e-02 
 2.00880368e-01  2.00880368e-01  5.00000000e+00  4.28830327e+00  4.27393033e+00 -2.97531043e+00  1.88494700e+00  8.43331496e-01  7.91961362e-02  8.91267264e-03  1.55361019e-02 
 2.01880368e-01  2.01880368e-01  5.00000000e+00  4.29093808e+00  4.27387183e+00 -2.90806449e+00  2.12965447e+00  9.08187128e-01  6.96365818e-02  8.04946709e-03  1.55712814e-02 
 2.02880368e-01  2.02880368e-01  5.00000000e+00  4.29211499e+00  4.27393746e+00 -2.82128108e+00  2.21765148e+00  8.29291032e-01  8.03593379e-02  7.69140625e-03  1.55318209e-02 
 2.03880368e-01  2.03880368e-01  5.00000000e+00  4.29485703e+00  4.27387907e+00 -2.75549731e+00  2.43833415e+00  8.95088506e-01  7.08201781e-02  6.91774456e-03  1.55669244e-02 
 2.04880368e-01  2.04880368e-01  5.00000000e+00  4.29590960e+00  4.27394512e+00 -2.67011714e+00  2.50412796e+00  8.17135087e-01  8.16084229e-02  6.64187951e-03  1.55272236e-02 
 2.05880368e-01  2.05880368e-01  5.00000000e+00  4.29877543e+00  4.27388679e+00 -2.60577571e+00  2.70416628e+00  8.83745883e-01  7.20818918e-02  5.94526478e-03  1.55622799e-02 
 2.06880368e-01  2.06880368e-01  5.00000000e+00  4.29968456e+00  4.27395317e+00 -2.52178432e+00  2.75088547e+00  8.06611313e-01  8.29226170e-02  5.73992291e-03  1.55223866e-02 
 2.07880368e-01  2.07880368e-01  5.00000000e+00  4.30269316e+00  4.27389486e+00 -2.45886555e+00  2.93318349e+00  8.73924765e-01  7.34010957e-02  5.10962641e-03  1.55574238e-02 
 2.08880368e-01  2.08880368e-01  5.00000000e+00  4.30343702e+00  4.27396151e+00 -2.37624892e+00  2.96351444e+00  7.97501085e-01  8.42812166e-02  4.96476922e-03  1.55173860e-02 
 2.09880368e-01  2.09880368e-01  5.00000000e+00  4.30661001e+00  4.27390316e+00 -2.31473325e+00  3.13056710e+00  8.65421943e-01  7.47573033e-02  4.39159055e-03  1.55524316e-02 
 2.10880368e-01  2.10880368e-01  5.00000000e+00  4.30716368e+00  4.27396999e+00 -2.23347741e+00  3.14681641e+00  7.89614887e-01  8.56639803e-02  4.29858155e-03  1.55122964e-02 
 2.11880368e-01  2.11880368e-01  5.00000000e+00  4.31052564e+00  4.27391157e+00 -2.17334532e+00  3.30076730e+00  8.58061232e-01  7.61305732e-02  3.77463486e-03  1.55473766e-02 
 2.12880368e-01  2.12880368e-01  5.00000000e+00  4.31086079e+00  4.27397851e+00 -2.09343606e+00  3.30491540e+00  7.82788376e-01  8.70515484e-02  3.72603921e-03  1.55071889e-02 
 2.13880368e-01  2.13880368e-01  5.00000000e+00  4.31443954e+00  4.27391997e+00 -2.03466796e+00  3.44760638e+00  8.51689818e-01  7.75019244e-02  3.24456986e-03  1.55423288e-02 
 2.14880368e-01  2.14880368e-01  5.00000000e+00  4.31452408e+00  4.27398695e+00 -1.95609048e+00  3.44135362e+00  7.76878997e-01  8.84258530e-02  3.23398198e-03  1.55021302e-02 
 2.15880368e-01  2.15880368e-01  5.00000000e+00  4.31835096e+00  4.27392825e+00 -1.89866666e+00  3.57436741e+00  8.46175136e-01  7.88537356e-02  2.78920913e-03  1.55373530e-02 
 2.16880368e-01  2.16880368e-01  5.00000000e+00  4.31814871e+00  4.27399521e+00 -1.82140528e+00  3.55917360e+00  7.71763087e-01  8.97704944e-02  2.81110443e-03  1.54971806e-02 
 2.17880368e-01  2.17880368e-01  5.00000000e+00  4.32225881e+00  4.27393632e+00 -1.76530589e+00  3.68387035e+00  8.41402184e-01  8.01701055e-02  2.39808609e-03  1.55325076e-02 
 2.18880368e-01  2.18880368e-01  5.00000000e+00  4.32172922e+00  4.27400320e+00 -1.68934379e+00  3.66098867e+00  7.67333374e-01  9.10710590e-02  2.44769338e-03  1.54923932e-02 
 2.19880368e-01  2.19880368e-01  5.00000000e+00  4.32616163e+00  4.27394408e+00 -1.63454881e+00  3.77853739e+00  8.37271200e-01  8.14371517e-02  2.06221049e-03  1.55278439e-02 
 2.20880368e-01  2.20880368e-01  5.00000000e+00  4.32525956e+00  4.27401085e+00 -1.55986783e+00  3.74904356e+00  7.63496816e-01  9.23153616e-02  2.13540223e-03  1.54878128e-02 
 2.21880368e-01  2.21880368e-01  5.00000000e+00  4.33005743e+00  4.27395148e+00 -1.50635704e+00  3.86044904e+00  8.33695665e-01  8.26432311e-02  1.77385914e-03  1.55234047e-02 
 2.22880368e-01  2.22880368e-01  5.00000000e+00  4.32873300e+00  4.27401809e+00 -1.43293758e+00  3.82526635e+00  7.60172737e-01  9.34935949e-02  1.86705707e-03  1.54834755e-02 
 2.23880368e-01  2.23880368e-01  5.00000000e+00  4.33394359e+00  4.27395845e+00 -1.38069064e+00  3.93139227e+00  8.30600555e-01  8.37790686e-02  1.52639594e-03  1.55192241e-02 
 2.24880368e-01  2.24880368e-01  5.00000000e+00  4.33214224e+00  4.27402489e+00 -1.30851157e+00  3.89131304e+00  7.57291198e-01  9.45983809e-02  1.63648996e-03  1.54794086e-02 
 2.25880368e-01  2.25880368e-01  5.00000000e+00  4.33781672e+00  4.27396494e+00 -1.25750804e+00  3.99290186e+00  8.27920839e-01  8.48377900e-02  1.31411693e-03  1.55153274e-02 
 2.26880368e-01  2.26880368e-01  5.00000000e+00  4.33547947e+00  4.27403120e+00 -1.18654678e+00  3.94860590e+00  7.54791600e-01  9.56247230e-02  1.43839566e-03  1.54756304e-02 
 2.27880368e-01  2.27880368e-01  5.00000000e+00  4.34167254e+00  4.27397094e+00 -1.13676614e+00  4.04629586e+00  8.25600158e-01  8.58148607e-02  1.13211708e-03  1.55117312e-02 
 2.28880368e-01  2.28880368e-01  5.00000000e+00  4.33873647e+00  4.27403702e+00 -1.06699875e+00  3.99836630e+00  7.52621453e-01  9.65698670e-02  1.26820841e-03  1.54721511e-02 
 2.29880368e-01  2.29880368e-01  5.00000000e+00  4.34550578e+00  4.27397642e+00 -1.01842054e+00  4.09270607e+00  8.23589682e-01  8.67079403e-02  9.76175447e-04  1.55084443e-02 
 2.30880368e-01  2.30880368e-01  5.00000000e+00  4.34190481e+00  4.27404233e+00 -9.49821902e-01  4.04164295e+00  7.50735323e-01  9.74330853e-02  1.12199625e-03  1.54689734e-02 
 2.31880368e-01  2.31880368e-01  5.00000000e+00  4.34931007e+00  4.27398138e+00 -9.02425700e-01  4.13310414e+00  8.21847115e-01  8.75166679e-02  8.42656489e-04  1.55054678e-02 
 2.32880368e-01  2.32880368e-01  5.00000000e+00  4.34497616e+00  4.27404715e+00 -8.34969755e-01  4.07933620e+00  7.49093912e-01  9.82154036e-02  9.96370316e-04  1.54660936e-02 
 2.33880368e-01  2.33880368e-01  5.00000000e+00  4.35307793e+00  4.27398584e+00 -7.88735280e-01  4.16832412e+00  8.20335825e-01  8.82423971e-02  7.28425302e-04  1.55027970e-02 
 2.34880368e-01  2.34880368e-01  5.00000000e+00  4.34794256e+00  4.27405148e+00 -7.22395298e-01  4.11221884e+00  7.47663258e-01  9.89192933e-02  8.88407490e-04  1.54635024e-02 
 2.35880368e-01  2.35880368e-01  5.00000000e+00  4.35680081e+00  4.27398980e+00 -6.77302417e-01  4.19908175e+00  8.19024095e-01  8.88879011e-02  6.30775089e-04  1.55004214e-02 
 2.36880368e-01  2.36880368e-01  5.00000000e+00  4.35079685e+00  4.27405535e+00 -6.12051305e-01  4.14095405e+00  7.46414046e-01  9.95483497e-02  7.95584573e-04  1.54611868e-02 
 2.37880368e-01  2.37880368e-01  5.00000000e+00  4.36046930e+00  4.27399330e+00 -5.68080045e-01  4.22599110e+00  8.17884466e-01  8.94570686e-02  5.47365476e-04  1.54983269e-02 
 2.38880368e-01  2.38880368e-01  5.00000000e+00  4.35353295e+00  4.27405879e+00 -5.03890647e-01  4.16611087e+00  7.45321008e-01  1.00106979e-01  7.15722739e-04  1.54591304e-02 
 2.39880368e-01  2.39880368e-01  5.00000000e+00  4.36645795e+00  4.27399590e+00 -4.61106361e-01  4.24974503e+00  8.16971918e-01  8.98690242e-02  4.34232970e-04  1.54967662e-02 
 2.40880368e-01  2.40880368e-01  5.00000000e+00  4.35544537e+00  4.27406198e+00 -3.97840920e-01  4.18828360e+00  7.44325507e-01  1.00625072e-01  6.64712196e-04  1.54572243e-02 
 2.41880368e-01  2.41880368e-01  5.00000000e+00  4.37041948e+00  4.27399847e+00 -3.56177176e-01  4.27059997e+00  8.16122521e-01  9.02867828e-02  3.72567691e-04  1.54952285e-02 
 2.42880368e-01  2.42880368e-01  5.00000000e+00  4.35773033e+00  4.27406471e+00 -2.93895986e-01  4.20778666e+00  7.43468261e-01  1.01068609e-01  6.08509206e-04  1.54555919e-02 
 2.43880368e-01  2.43880368e-01  5.00000000e+00  4.37436795e+00  4.27400065e+00 -2.53321264e-01  4.28897710e+00  8.15386264e-01  9.06413021e-02  3.19821036e-04  1.54939235e-02 
 2.44880368e-01  2.44880368e-01  5.00000000e+00  4.36228260e+00  4.27406665e+00 -1.92084089e-01  4.22515559e+00  7.42797300e-01  1.01368804e-01  5.10305803e-04  1.54544365e-02 
 2.45880368e-01  2.45880368e-01  5.00000000e+00  4.37844422e+00  4.27400248e+00 -1.52491560e-01  4.30538638e+00  8.14746577e-01  9.09391954e-02  2.73188792e-04  1.54928270e-02 
 2.46880368e-01  2.46880368e-01  5.00000000e+00  4.36476963e+00  4.27406868e+00 -9.21937777e-02  4.24054992e+00  7.42137159e-01  1.01697904e-01  4.63522804e-04  1.54532251e-02 
 2.47880368e-01  2.47880368e-01  5.00000000e+00  4.38241309e+00  4.27400401e+00 -5.36424317e-02  4.31995515e+00  8.14187084e-01  9.11881355e-02  2.34326836e-04  1.54919106e-02 
 2.48880368e-01  2.48880368e-01  5.00000000e+00  4.36737991e+00  4.27407039e+00  5.73228849e-03  4.25424724e+00  7.41560699e-01  1.01975306e-01  4.19027186e-04  1.54522040e-02 
 2.49880368e-01  2.49880368e-01  5.00000000e+00  4.38665879e+00  4.27400520e+00  4.32578906e-02  4.33297182e+00  8.13712411e-01  9.13818940e-02  1.98853399e-04  1.54911974e-02 
 2.50880368e-01  2.50880368e-01  5.00000000e+00  4.36938861e+00  4.27407195e+00  1.01760606e-01  4.26645584e+00  7.41025434e-01  1.02229985e-01  3.87716573e-04  1.54512666e-02 
 2.51880368e-01  2.51880368e-01  5.00000000e+00  4.39024885e+00  4.27400625e+00  1.38279498e-01  4.34456035e+00  8.13274101e-01  9.15537003e-02  1.73082355e-04  1.54905650e-02 
 2.52880368e-01  2.52880368e-01  5.00000000e+00  4.37155743e+00  4.27407325e+00  1.95905429e-01  4.27735615e+00  7.40558085e-01  1.02439739e-01  3.56531594e-04  1.54504945e-02 
 2.53880368e-01  2.53880368e-01  5.00000000e+00  4.39408656e+00  4.27400703e+00  2.31434646e-01  4.35495462e+00  8.12903085e-01  9.16794853e-02  1.49215650e-04  1.54901020e-02 
 2.54880368e-01  2.54880368e-01  5.00000000e+00  4.37358839e+00  4.27407436e+00  2.88217967e-01  4.28713616e+00  7.40136492e-01  1.02619762e-01  3.29606993e-04  1.54498318e-02 
 2.55880368e-01  2.55880368e-01  5.00000000e+00  4.39785721e+00  4.27400761e+00  3.22773539e-01  4.36430589e+00  8.12577993e-01  9.17739292e-02  1.28973920e-04  1.54897544e-02 
 2.56880368e-01  2.56880368e-01  5.00000000e+00  4.37551042e+00  4.27407530e+00  3.78736932e-01  4.29593853e+00  7.39754450e-01  1.02773702e-01  3.06001763e-04  1.54492652e-02 
 2.57880368e-01  2.57880368e-01  5.00000000e+00  4.40155160e+00  4.27400802e+00  4.12335023e-01  4.37274548e+00  8.12292305e-01  9.18412220e-02  1.11807230e-04  1.54895067e-02 
 2.58880368e-01  2.58880368e-01  5.00000000e+00  4.37731822e+00  4.27407627e+00  4.67525491e-01  4.30382878e+00  7.39376056e-01  1.02931055e-01  2.85344448e-04  1.54486860e-02 
 2.59880368e-01  2.59880368e-01  5.00000000e+00  4.40513617e+00  4.27400830e+00  5.00157451e-01  4.38033040e+00  8.12038678e-01  9.18870957e-02  9.73378652e-05  1.54893378e-02 
 2.60880368e-01  2.60880368e-01  5.00000000e+00  4.37865036e+00  4.27408213e+00  5.55393622e-01  4.30918436e+00  7.38095527e-01  1.03881523e-01  2.71020152e-04  1.54451876e-02 
 2.61880368e-01  2.61880368e-01  5.00000000e+00  4.40784853e+00  4.27400851e+00  5.86256669e-01  4.38547819e+00  8.11768494e-01  9.19203628e-02  8.76473642e-05  1.54892159e-02 
 2.62005368e-01  2.62005368e-01  5.00000000e+00  4.39203362e+00  4.27404746e+00  5.97908289e-01  4.34841734e+00  7.74473949e-01  9.82524738e-02  1.61541825e-04  1.54659076e-02 
 2.62255368e-01  2.62255368e-01  5.00000000e+00  4.39198560e+00  4.27405013e+00  6.08966473e-01  4.34828833e+00  7.73980830e-01  9.86859195e-02  1.61841996e-04  1.54643119e-02 
 2.62533918e-01  2.62533918e-01  5.00000000e+00  4.39172003e+00  4.27405456e+00  6.21489707e-01  4.34757346e+00  7.73166399e-01  9.94055490e-02  1.63512329e-04  1.54616631e-02 
 2.62835459e-01  2.62835459e-01  5.00000000e+00  4.39091819e+00  4.27406451e+00  6.35839980e-01  4.34538112e+00  7.71497930e-01  1.01022389e-01  1.68660761e-04  1.54557117e-02 
 2.62840538e-01  2.62840538e-01  5.00000000e+00  4.38452592e+00  4.27435161e+00  6.82402203e-01  4.32622043e+00  7.52513316e-01  1.47373935e-01  2.15946306e-04  1.52851025e-02 
 2.62850697e-01  2.62850697e-01  5.00000000e+00  4.38488270e+00  4.27433747e+00  6.80553259e-01  4.32738145e+00  7.54013157e-01  1.45103422e-01  2.12988027e-04  1.52934617e-02 
 2.62856026e-01  2.62856026e-01  5.00000000e+00  4.38438742e+00  4.27434731e+00  6.82353408e-01  4.32576886e+00  7.52578036e-01  1.46682441e-01  2.17105781e-04  1.52876477e-02 
 2.62861187e-01  2.62861187e-01  5.00000000e+00  4.38480919e+00  4.27433399e+00  6.80429605e-01  4.32714649e+00  7.54127071e-01  1.44544453e-01  2.13594237e-04  1.52955188e-02 
 2.62871510e-01  2.62871510e-01  5.00000000e+00  4.38423980e+00  4.27434356e+00  6.82394208e-01  4.32529981e+00  7.52622876e-01  1.46080693e-01  2.18348387e-04  1.52898635e-02 
 2.62887649e-01  2.62887649e-01  5.00000000e+00  4.38461572e+00  4.27432511e+00  6.80099037e-01  4.32651231e+00  7.54367722e-01  1.43115731e-01  2.15197852e-04  1.53007755e-02 
 2.62910862e-01  2.62910862e-01  5.00000000e+00  4.38392060e+00  4.27433201e+00  6.82171294e-01  4.32425563e+00  7.52872184e-01  1.44224555e-01  2.21059784e-04  1.52966948e-02 
 2.62954360e-01  2.62954360e-01  5.00000000e+00  4.38412121e+00  4.27430418e+00  6.79502675e-01  4.32489625e+00  7.54919897e-01  1.39750396e-01  2.19351845e-04  1.53131622e-02 
 2.63039702e-01  2.63039702e-01  5.00000000e+00  4.38299786e+00  4.27429201e+00  6.81088484e-01  4.32120066e+00  7.53914191e-01  1.37792899e-01  2.29088446e-04  1.53203688e-02 
 2.63210387e-01  2.63210387e-01  5.00000000e+00  4.38298103e+00  4.27420794e+00  6.74631822e-01  4.32108696e+00  7.58661551e-01  1.24242402e-01  2.29237596e-04  1.53702428e-02 
 2.63253058e-01  2.63253058e-01  5.00000000e+00  4.38506845e+00  4.27410507e+00  6.59776589e-01  4.32797319e+00  7.66071772e-01  1.07601618e-01  2.11463936e-04  1.54314943e-02 
 2.63254149e-01  2.63254149e-01  5.00000000e+00  4.38198453e+00  4.27422380e+00  6.79022675e-01  4.31765966e+00  7.55790468e-01  1.26802388e-01  2.38241768e-04  1.53608201e-02 
 2.63254183e-01  2.63254183e-01  5.00000000e+00  4.38172252e+00  4.27423165e+00  6.80290217e-01  4.31674772e+00  7.54879590e-01  1.28068515e-01  2.40667426e-04  1.53561605e-02 
 2.63254251e-01  2.63254251e-01  5.00000000e+00  4.38048458e+00  4.27426487e+00  6.85646974e-01  4.31231875e+00  7.50453001e-01  1.33422448e-01  2.52466334e-04  1.53364534e-02 
 2.63254253e-01  2.63254253e-01  5.00000000e+00  4.38042268e+00  4.27426644e+00  6.85900681e-01  4.31209408e+00  7.50228408e-01  1.33676075e-01  2.53071230e-04  1.53355199e-02 
 2.63254257e-01  2.63254257e-01  5.00000000e+00  4.38029049e+00  4.27426974e+00  6.86432705e-01  4.31161203e+00  7.49746517e-01  1.34207939e-01  2.54367956e-04  1.53335624e-02 
 2.63254265e-01  2.63254265e-01  5.00000000e+00  4.37998437e+00  4.27427724e+00  6.87641481e-01  4.31049220e+00  7.48626997e-01  1.35416395e-01  2.57396320e-04  1.53291149e-02 
 2.63254280e-01  2.63254280e-01  5.00000000e+00  4.37901417e+00  4.27429937e+00  6.91202442e-01  4.30686171e+00  7.44997213e-01  1.38976719e-01  2.67234708e-04  1.53160099e-02 
 2.63254284e-01  2.63254284e-01  5.00000000e+00  4.37862556e+00  4.27430777e+00  6.92553651e-01  4.30538070e+00  7.43516398e-01  1.40327770e-01  2.71280140e-04  1.53110371e-02 
 2.63254292e-01  2.63254292e-01  5.00000000e+00  4.37757257e+00  4.27432942e+00  6.96034387e-01  4.30128433e+00  7.39420453e-01  1.43808189e-01  2.82552100e-04  1.52982268e-02 
 2.63254299e-01  2.63254299e-01  5.00000000e+00  4.28959965e+00  4.27503626e+00  8.08092572e-01  2.00770712e+00 -1.55415503e+00  2.55866395e-01  8.47696778e-03  1.48858143e-02 
 2.63254305e-01  2.63254305e-01  5.00000000e+00  4.27435218e+00  4.27655849e+00  1.03932866e+00  1.47464559e-01 -3.41439695e+00  4.87104006e-01  1.52847694e-02  1.40350166e-02 
 2.63254310e-01  2.63254310e-01  5.00000000e+00  4.27438255e+00  4.27523235e+00  8.38641465e-01  1.52337830e-01 -3.40952331e+00  2.86418364e-01  1.52668323e-02  1.47733859e-02 
 2.63254314e-01  2.63254314e-01  5.00000000e+00  4.27419531e+00  4.27650956e+00  1.03210095e+00  1.22202339e-01 -3.43965843e+00  4.79879074e-01  1.53777518e-02  1.40615944e-02 
 2.63254318e-01  2.63254318e-01  5.00000000e+00  4.27427300e+00  4.27528489e+00  8.46787733e-01  1.34732281e-01 -3.42712815e+00  2.94567284e-01  1.53316328e-02  1.47434082e-02 
 2.63254325e-01  2.63254325e-01  5.00000000e+00  4.27411602e+00  4.27647190e+00  1.02652928e+00  1.09376115e-01 -3.45248375e+00  4.74310802e-01  1.54249632e-02  1.40820856e-02 
 2.63254331e-01  2.63254331e-01  5.00000000e+00  4.27418946e+00  4.27531928e+00  8.52107173e-01  1.21257915e-01 -3.44060146e+00  2.99890678e-01  1.53812281e-02  1.47238171e-02 
 2.63254340e-01  2.63254340e-01  5.00000000e+00  4.27405470e+00  4.27644768e+00  1.02293872e+00  9.94296057e-02 -3.46242902e+00  4.70724915e-01  1.54615746e-02  1.40952756e-02 
 2.63254350e-01  2.63254350e-01  5.00000000e+00  4.27412206e+00  4.27534350e+00  8.55846580e-01  1.10353210e-01 -3.45150461e+00  3.03635876e-01  1.54213662e-02  1.47100345e-02 
 2.63254363e-01  2.63254363e-01  5.00000000e+00  4.27400050e+00  4.27643439e+00  1.02096236e+00  9.06174855e-02 -3.47123929e+00  4.68755465e-01  1.54940113e-02  1.41025198e-02 
 2.63254378e-01  2.63254378e-01  5.00000000e+00  4.27406546e+00  4.27536156e+00  8.58628303e-01  1.01176581e-01 -3.46067894e+00  3.06426206e-01  1.54551441e-02  1.46997661e-02 
 2.63254397e-01  2.63254397e-01  5.00000000e+00  4.27395208e+00  4.27642856e+00  1.02008713e+00  8.27297652e-02 -3.47912418e+00  4.67890818e-01  1.55230457e-02  1.41057001e-02 
 2.63254421e-01  2.63254421e-01  5.00000000e+00  4.27401768e+00  4.27537573e+00  8.60802466e-01  9.34122281e-02 -3.46843978e+00  3.08613500e-01  1.54837239e-02  1.46917171e-02 
 2.63254451e-01  2.63254451e-01  5.00000000e+00  4.27391074e+00  4.27642758e+00  1.01992507e+00  7.59842367e-02 -3.48586532e+00  4.67745161e-01  1.55478760e-02  1.41062357e-02 
 2.63254488e-01  2.63254488e-01  5.00000000e+00  4.27397893e+00  4.27538729e+00  8.62566078e-01  8.71050745e-02 -3.47474147e+00  3.10397544e-01  1.55069402e-02  1.46851521e-02 
 2.63254539e-01  2.63254539e-01  5.00000000e+00  4.27387706e+00  4.27642972e+00  1.02021509e+00  7.04808792e-02 -3.49136146e+00  4.68062133e-01  1.55681340e-02  1.41050695e-02 
 2.63254614e-01  2.63254614e-01  5.00000000e+00  4.27394700e+00  4.27539685e+00  8.64001663e-01  8.19013856e-02 -3.47993476e+00  3.11871907e-01  1.55260949e-02  1.46797267e-02 
 2.63254737e-01  2.63254737e-01  5.00000000e+00  4.27384974e+00  4.27643441e+00  1.02085049e+00  6.60108621e-02 -3.49581515e+00  4.68758424e-01  1.55845884e-02  1.41025079e-02 
 2.63254963e-01  2.63254963e-01  5.00000000e+00  4.27392571e+00  4.27538311e+00  8.64963167e-01  7.84464263e-02 -3.48336110e+00  3.12940150e-01  1.55388793e-02  1.46875233e-02 
 2.63255296e-01  2.63255296e-01  5.00000000e+00  4.27383907e+00  4.27641672e+00  1.02117918e+00  6.42885014e-02 -3.49749166e+00  4.69258089e-01  1.55910153e-02  1.41121603e-02 
 2.63255778e-01  2.63255778e-01  5.00000000e+00  4.27392388e+00  4.27538658e+00  8.65123311e-01  7.81517665e-02 -3.48358886e+00  3.13349692e-01  1.55399804e-02  1.46855533e-02 
 2.63256640e-01  2.63256640e-01  5.00000000e+00  4.27383940e+00  4.27641903e+00  1.02110419e+00  6.43408764e-02 -3.49732892e+00  4.69594519e-01  1.55908182e-02  1.41108957e-02 
 2.63258365e-01  2.63258365e-01  5.00000000e+00  4.27392383e+00  4.27539178e+00  8.65115448e-01  7.81446110e-02 -3.48338359e+00  3.14133676e-01  1.55400060e-02  1.46826042e-02 
 2.63261814e-01  2.63261814e-01  5.00000000e+00  4.27383943e+00  4.27642902e+00  1.02102975e+00  6.43454846e-02 -3.49689946e+00  4.71103521e-01  1.55908011e-02  1.41054481e-02 
 2.63268713e-01  2.63268713e-01  5.00000000e+00  4.27392384e+00  4.27541193e+00  8.64995934e-01  7.81465079e-02 -3.48253203e+00  3.17180016e-01  1.55399990e-02  1.46711682e-02 
 2.63282511e-01  2.63282511e-01  5.00000000e+00  4.27383947e+00  4.27646922e+00  1.02077612e+00  6.43528022e-02 -3.49519296e+00  4.77177503e-01  1.55907741e-02  1.40835429e-02 
 2.63310106e-01  2.63310106e-01  5.00000000e+00  4.27392392e+00  4.27549234e+00  8.64496598e-01  7.81594816e-02 -3.47912126e+00  3.29319505e-01  1.55399513e-02  1.46256273e-02 
 2.63365296e-01  2.63365296e-01  5.00000000e+00  4.27383964e+00  4.27662992e+00  1.01977629e+00  6.43796714e-02 -3.48837279e+00  5.01389899e-01  1.55906751e-02  1.39963110e-02 
 2.63475677e-01  2.63475677e-01  5.00000000e+00  4.27392425e+00  4.27581329e+00  8.62508707e-01  7.82130610e-02 -3.46549018e+00  3.77495653e-01  1.55397544e-02  1.44452635e-02 
 2.63696439e-01  2.63696439e-01  5.00000000e+00  4.27384030e+00  4.27727027e+00  1.01583926e+00  6.44882108e-02 -3.46114557e+00  5.96748936e-01  1.55902749e-02  1.36540541e-02 
 2.64137963e-01  2.64137963e-01  5.00000000e+00  4.27392560e+00  4.27708663e+00  8.54790278e-01  7.84339660e-02 -3.41117695e+00  5.64317562e-01  1.55389426e-02  1.37513415e-02 
 2.65021011e-01  2.65021011e-01  5.00000000e+00  4.27384311e+00  4.27979266e+00  1.00100345e+00  6.49475969e-02 -3.35307896e+00  9.55375940e-01  1.55885810e-02  1.23853560e-02 
 2.66021011e-01  2.66021011e-01  5.00000000e+00  4.27392985e+00  4.28065025e+00  8.34732877e-01  7.91283947e-02 -3.25857105e+00  1.04748147e+00  1.55363893e-02  1.19814326e-02 
 2.67021011e-01  2.67021011e-01  5.00000000e+00  4.27384898e+00  4.28392372e+00  9.81145904e-01  6.58878763e-02 -3.19226206e+00  1.43359114e+00  1.55850411e-02  1.05570937e-02 
 2.68021011e-01  2.68021011e-01  5.00000000e+00  4.27393531e+00  4.28444056e+00  8.16166136e-01  8.00182744e-02 -3.09935212e+00  1.49098294e+00  1.55331128e-02  1.03482330e-02 
 2.69021011e-01  2.69021011e-01  5.00000000e+00  4.27385484e+00  4.28769352e+00  9.63943450e-01  6.68660000e-02 -3.03448774e+00  1.84506770e+00  1.55815154e-02  9.12527784e-03 
 2.70021011e-01  2.70021011e-01  5.00000000e+00  4.27394150e+00  4.28820006e+00  8.00083713e-01  8.10288664e-02 -2.94306401e+00  1.87262639e+00  1.55293934e-02  8.94830767e-03 
 2.71021011e-01  2.71021011e-01  5.00000000e+00  4.27386186e+00  4.29166438e+00  9.49060077e-01  6.80149144e-02 -2.87956618e+00  2.19922349e+00  1.55772846e-02  7.82657908e-03 
 2.72021011e-01  2.72021011e-01  5.00000000e+00  4.27394837e+00  4.29193828e+00  7.86152404e-01  8.21496157e-02 -2.78966155e+00  2.20114006e+00  1.55252676e-02  7.74413443e-03 
 2.73021011e-01  2.73021011e-01  5.00000000e+00  4.27386946e+00  4.29564199e+00  9.36178180e-01  6.92585267e-02 -2.72751790e+00  2.50413301e+00  1.55727054e-02  6.71095591e-03 
 2.74021011e-01  2.74021011e-01  5.00000000e+00  4.27395578e+00  4.29564654e+00  7.74084621e-01  8.33573765e-02 -2.63911235e+00  2.48400747e+00  1.55208215e-02  6.70977447e-03 
 2.75021011e-01  2.75021011e-01  5.00000000e+00  4.27387752e+00  4.29962619e+00  9.25029774e-01  7.05756786e-02 -2.57830882e+00  2.76673095e+00  1.55678557e-02  5.75289118e-03 
 2.76021011e-01  2.76021011e-01  5.00000000e+00  4.27396360e+00  4.29932007e+00  7.63631318e-01  8.46318312e-02 -2.49138185e+00  2.72765558e+00  1.55161297e-02  5.82138411e-03 
 2.77021011e-01  2.77021011e-01  5.00000000e+00  4.27388590e+00  4.30361719e+00  9.15382806e-01  7.19453016e-02 -2.43190546e+00  2.99297319e+00  1.55628130e-02  4.93030618e-03 
 2.78021011e-01  2.78021011e-01  5.00000000e+00  4.27397171e+00  4.30295333e+00  7.54576671e-01  8.59526906e-02 -2.34643609e+00  2.93760415e+00  1.55112671e-02  5.05848675e-03 
 2.79021011e-01  2.79021011e-01  5.00000000e+00  4.27389448e+00  4.30761487e+00  9.07036203e-01  7.33465900e-02 -2.28827471e+00  3.18797498e+00  1.55576540e-02  4.22424726e-03 
 2.80021011e-01  2.80021011e-01  5.00000000e+00  4.27397998e+00  4.30653996e+00  7.46733521e-01  8.73000831e-02 -2.20424138e+00  3.11859374e+00  1.55063068e-02  4.40349974e-03 
 2.81021011e-01  2.81021011e-01  5.00000000e+00  4.27390312e+00  4.31161868e+00  8.99815660e-01  7.47594153e-02 -2.14738346e+00  3.35612959e+00  1.55524526e-02  3.61844420e-03 
 2.82021011e-01  2.82021011e-01  5.00000000e+00  4.27398830e+00  4.31007266e+00  7.39939482e-01  8.86549753e-02 -2.06476381e+00  3.27469574e+00  1.55013188e-02  3.84132407e-03 
 2.83021011e-01  2.83021011e-01  5.00000000e+00  4.27391173e+00  4.31562741e+00  8.93570038e-01  7.61647435e-02 -2.00919811e+00  3.50121021e+00  1.55472791e-02  3.09892966e-03 
 2.84021011e-01  2.84021011e-01  5.00000000e+00  4.27399656e+00  4.31354312e+00  7.34053616e-01  8.99995851e-02 -1.92796888e+00  3.40940671e+00  1.54963686e-02  3.35899104e-03 
 2.85021011e-01  2.85021011e-01  5.00000000e+00  4.27392018e+00  4.31963900e+00  8.88168268e-01  7.75450316e-02 -1.87368427e+00  3.62645744e+00  1.55421978e-02  2.65371138e-03 
 2.86021011e-01  2.86021011e-01  5.00000000e+00  4.27400467e+00  4.31694204e+00  7.28953576e-01  9.13177614e-02 -1.79382112e+00  3.52572952e+00  1.54915158e-02  2.94535766e-03 
 2.87021011e-01  2.87021011e-01  5.00000000e+00  4.27392839e+00  4.32365022e+00  8.83496676e-01  7.88845806e-02 -1.74080637e+00  3.73465434e+00  1.55372667e-02  2.27248935e-03 
 2.88021011e-01  2.88021011e-01  5.00000000e+00  4.27401252e+00  4.32025913e+00  7.24533154e-01  9.25953046e-02 -1.66228383e+00  3.62624293e+00  1.54868125e-02  2.59084386e-03 
 2.89021011e-01  2.89021011e-01  5.00000000e+00  4.27393627e+00  4.32765640e+00  8.79456685e-01  8.01698241e-02 -1.61052742e+00  3.82819094e+00  1.55325357e-02  1.94641131e-03 
 2.90021011e-01  2.90021011e-01  5.00000000e+00  4.27402005e+00  4.32348327e+00  7.20700166e-01  9.38202081e-02 -1.53331881e+00  3.71316128e+00  1.54823030e-02  2.28720523e-03 
 2.91021011e-01  2.91021011e-01  5.00000000e+00  4.27394375e+00  4.33165111e+00  8.75962808e-01  8.13895351e-02 -1.48280881e+00  3.90911948e+00  1.55280460e-02  1.66786118e-03 
 2.92021011e-01  2.92021011e-01  5.00000000e+00  4.27402690e+00  4.32701419e+00  7.17310762e-01  9.49112512e-02 -1.40695750e+00  3.78834002e+00  1.54782061e-02  1.99534462e-03 
 2.93021011e-01  2.93021011e-01  5.00000000e+00  4.27395079e+00  4.33576299e+00  8.72949005e-01  8.25375350e-02 -1.35760700e+00  3.97924963e+00  1.55238199e-02  1.42271505e-03 
 2.94021011e-01  2.94021011e-01  5.00000000e+00  4.27403359e+00  4.33017602e+00  7.14427231e-01  9.59985554e-02 -1.28302111e+00  3.85355431e+00  1.54742038e-02  1.76574506e-03 
 2.95021011e-01  2.95021011e-01  5.00000000e+00  4.27395688e+00  4.34191372e+00  8.70372402e-01  8.35132282e-02 -1.23497453e+00  4.04016800e+00  1.55201617e-02  1.12160989e-03 
 2.96021011e-01  2.96021011e-01  5.00000000e+00  4.27403984e+00  4.33322970e+00  7.11915415e-01  9.70142218e-02 -1.16152916e+00  3.91026540e+00  1.54704652e-02  1.56911200e-03 
 2.97021011e-01  2.97021011e-01  5.00000000e+00  4.27396279e+00  4.34639429e+00  8.68122171e-01  8.44755804e-02 -1.11470494e+00  4.09311682e+00  1.55166193e-02  9.43211468e-04 
 2.98021011e-01  2.98021011e-01  5.00000000e+00  4.27404561e+00  4.33619125e+00  7.09730441e-01  9.79524029e-02 -1.04244118e+00  3.95954480e+00  1.54670119e-02  1.39935227e-03 
 2.99021011e-01  2.99021011e-01  5.00000000e+00  4.27396815e+00  4.35095088e+00  8.66180292e-01  8.53488630e-02 -9.96827731e-01  4.13917897e+00  1.55134048e-02  7.90860679e-04 
 3.00021011e-01  3.00021011e-01  5.00000000e+00  4.27405091e+00  4.33903062e+00  7.07826085e-01  9.88128124e-02 -9.25711304e-01  4.00243121e+00  1.54638448e-02  1.25386705e-03 
 3.01021011e-01  3.01021011e-01  5.00000000e+00  4.27397296e+00  4.35558720e+00  8.64505450e-01  8.61327672e-02 -8.81297476e-01  4.17931815e+00  1.55105192e-02  6.61077106e-04 
 3.02021011e-01  3.02021011e-01  5.00000000e+00  4.27405573e+00  4.34172610e+00  7.06162600e-01  9.95968003e-02 -8.11292903e-01  4.03981610e+00  1.54609590e-02  1.12977535e-03 
 3.03021011e-01  3.03021011e-01  5.00000000e+00  4.27397723e+00  4.36030421e+00  8.63061883e-01  8.68286859e-02 -7.68067955e-01  4.21436127e+00  1.55079576e-02  5.50870380e-04 
 3.04021011e-01  3.04021011e-01  5.00000000e+00  4.27406011e+00  4.34424837e+00  7.04705215e-01  1.00307405e-01 -6.99138561e-01  4.07246355e+00  1.54583434e-02  1.02480447e-03 
 3.05021011e-01  3.05021011e-01  5.00000000e+00  4.27398098e+00  4.36509746e+00  8.61818550e-01  8.74394805e-02 -6.57092388e-01  4.24501680e+00  1.55057093e-02  4.57684926e-04 
 3.06021011e-01  3.06021011e-01  5.00000000e+00  4.27406406e+00  4.34655921e+00  7.03423412e-01  1.00949104e-01 -5.89200338e-01  4.10102722e+00  1.54559813e-02  9.37216476e-04 
 3.07021011e-01  3.07021011e-01  5.00000000e+00  4.27398423e+00  4.36995382e+00  8.60748369e-01  8.79692638e-02 -5.48323658e-01  4.27189021e+00  1.55037592e-02  3.79336021e-04 
 3.08021011e-01  3.08021011e-01  5.00000000e+00  4.27406763e+00  4.34861249e+00  7.02290400e-01  1.01527498e-01 -4.81430091e-01  4.12606470e+00  1.54538524e-02  8.65692445e-04 
 3.09021011e-01  3.09021011e-01  5.00000000e+00  4.27398702e+00  4.37484733e+00  8.59827515e-01  8.84232274e-02 -4.41714492e-01  4.29549693e+00  1.55020882e-02  3.13948080e-04 
 3.10021011e-01  3.10021011e-01  5.00000000e+00  4.27407084e+00  4.35035994e+00  7.01282883e-01  1.02048856e-01 -3.75779931e-01  4.14805004e+00  1.54519333e-02  8.09137452e-04 
 3.11021011e-01  3.11021011e-01  5.00000000e+00  4.27398938e+00  4.37973519e+00  8.59034783e-01  8.88075071e-02 -3.37217594e-01  4.31627361e+00  1.55006737e-02  2.59888061e-04 
 3.12021011e-01  3.12021011e-01  5.00000000e+00  4.27407374e+00  4.35176413e+00  7.00381178e-01  1.02519434e-01 -2.72202895e-01  4.16738521e+00  1.54502012e-02  7.66381083e-04 
 3.13021011e-01  3.13021011e-01  5.00000000e+00  4.27399136e+00  4.38455680e+00  8.58351104e-01  8.91290204e-02 -2.34785797e-01  4.33458866e+00  1.54994902e-02  2.15688681e-04 
 3.14021011e-01  3.14021011e-01  5.00000000e+00  4.27407568e+00  4.35633508e+00  6.99719196e-01  1.02834342e-01 -1.70763541e-01  4.18468863e+00  1.54490420e-02  6.42236001e-04 
 3.15021011e-01  3.15021011e-01  5.00000000e+00  4.27399283e+00  4.39034917e+00  8.57795181e-01  8.93695924e-02 -1.34396738e-01  4.35107510e+00  1.54986047e-02  1.72412361e-04 
 3.16021011e-01  3.16021011e-01  5.00000000e+00  4.27407777e+00  4.35864842e+00  6.99040051e-01  1.03174356e-01 -7.12417274e-02  4.20011386e+00  1.54477904e-02  5.87288651e-04 
 3.17021011e-01  3.17021011e-01  5.00000000e+00  4.27399347e+00  4.39903314e+00  8.57439922e-01  8.94728325e-02 -3.60684202e-02  4.36605936e+00  1.54982246e-02  1.23241505e-04 
 3.18021011e-01  3.18021011e-01  5.00000000e+00  4.27407971e+00  4.36062828e+00  6.98412213e-01  1.03487846e-01  2.63494529e-02  4.21410409e+00  1.54466365e-02  5.44011386e-04 
 3.19021011e-01  3.19021011e-01  5.00000000e+00  4.27399430e+00  4.40527996e+00  8.57043809e-01  8.96083660e-02  6.04063811e-02  4.37952371e+00  1.54977257e-02  9.67982316e-05 
 3.20021011e-01  3.20021011e-01  5.00000000e+00  4.27408142e+00  4.36246889e+00  6.97843482e-01  1.03766427e-01  1.22038077e-01  4.22668814e+00  1.54456111e-02  5.06643542e-04 
 3.21021011e-01  3.21021011e-01  5.00000000e+00  4.27399486e+00  4.41166028e+00  8.56713591e-01  8.96990910e-02  1.54987086e-01  4.39169480e+00  1.54973917e-02  7.56373571e-05 
 3.22021011e-01  3.22021011e-01  5.00000000e+00  4.27408297e+00  4.36410431e+00  6.97322143e-01  1.04016925e-01  2.15867479e-01  4.23805645e+00  1.54446891e-02  4.75600630e-04 
 3.23021011e-01  3.23021011e-01  5.00000000e+00  4.27399518e+00  4.41812202e+00  8.56439109e-01  8.97513329e-02  2.47716112e-01  4.40274567e+00  1.54971994e-02  5.89166394e-05 
 3.24021011e-01  3.24021011e-01  5.00000000e+00  4.27408437e+00  4.36548903e+00  6.96838719e-01  1.04245195e-01  3.07879192e-01  4.24836572e+00  1.54438488e-02  4.50808126e-04 
 3.25021011e-01  3.25021011e-01  5.00000000e+00  4.27399530e+00  4.42459931e+00  8.56211018e-01  8.97713347e-02  3.38634971e-01  4.41281683e+00  1.54971258e-02  4.58647158e-05 
 3.26021011e-01  3.26021011e-01  5.00000000e+00  4.27408570e+00  4.36663385e+00  6.96381110e-01  1.04460048e-01  3.98116746e-01  4.25773526e+00  1.54430580e-02  4.31289816e-04 
 3.27021011e-01  3.27021011e-01  5.00000000e+00  4.27399526e+00  4.43101561e+00  8.56020994e-01  8.97649366e-02  4.27783676e-01  4.42201384e+00  1.54971494e-02  3.57884937e-05 
 3.28021011e-01  3.28021011e-01  5.00000000e+00  4.27408803e+00  4.36756439e+00  6.95745950e-01  1.04837867e-01  4.86787184e-01  4.26589632e+00  1.54416673e-02  4.16049178e-04 
 3.29021011e-01  3.29021011e-01  5.00000000e+00  4.27399508e+00  4.43706002e+00  8.55864308e-01  8.97353394e-02  5.15192580e-01  4.43009043e+00  1.54972583e-02  2.83303923e-05 
 3.30021011e-01  3.30021011e-01  5.00000000e+00  4.27415461e+00  4.36775797e+00  6.86240582e-01  1.15622982e-01  5.84054323e-01  4.25662445e+00  1.54019690e-02  4.12946921e-04 
 3.31021011e-01  3.31021011e-01  5.00000000e+00  4.27399423e+00  4.43181938e+00  8.55860750e-01  8.95968165e-02  6.00588643e-01  4.42245216e+00  1.54977682e-02  3.46934392e-05 
 3.31146011e-01  3.31146011e-01  5.00000000e+00  4.27405058e+00  4.38919362e+00  7.73837660e-01  9.87606007e-02  6.15049599e-01  4.34052986e+00  1.54640378e-02  1.80289786e-04 
 3.31396011e-01  3.31396011e-01  5.00000000e+00  4.27405632e+00  4.38886147e+00  7.72865468e-01  9.96912694e-02  6.26559014e-01  4.33955437e+00  1.54606113e-02  1.82619929e-04 
 3.31632119e-01  3.31632119e-01  5.00000000e+00  4.27406473e+00  4.38821298e+00  7.71448049e-01  1.01057868e-01  6.37886535e-01  4.33765747e+00  1.54555812e-02  1.87256489e-04 
 3.31885111e-01  3.31885111e-01  5.00000000e+00  4.27408460e+00  4.38676762e+00  7.68535931e-01  1.04281661e-01  6.51745615e-01  4.33330696e+00  1.54437151e-02  1.98018492e-04 
 3.31948359e-01  3.31948359e-01  5.00000000e+00  4.27409431e+00  4.38616277e+00  7.67307456e-01  1.05857214e-01  6.55971037e-01  4.33143278e+00  1.54379152e-02  2.02703724e-04 
 3.31964171e-01  3.31964171e-01  5.00000000e+00  4.27409704e+00  4.38599648e+00  7.66959487e-01  1.06298949e-01  6.57075003e-01  4.33091413e+00  1.54362896e-02  2.04011144e-04 
 3.31995795e-01  3.31995795e-01  5.00000000e+00  4.27410474e+00  4.38559770e+00  7.66069268e-01  1.07547987e-01  6.59647943e-01  4.32965891e+00  1.54316917e-02  2.07180852e-04 
 3.32003701e-01  3.32003701e-01  5.00000000e+00  4.27410695e+00  4.38548669e+00  7.65818267e-01  1.07906544e-01  6.60337258e-01  4.32930743e+00  1.54303720e-02  2.08072022e-04 
 3.32019513e-01  3.32019513e-01  5.00000000e+00  4.27411180e+00  4.38525153e+00  7.65280256e-01  1.08692126e-01  6.61784196e-01  4.32856131e+00  1.54274806e-02  2.09972402e-04 
 3.32051137e-01  3.32051137e-01  5.00000000e+00  4.27413108e+00  4.38450805e+00  7.63362419e-01  1.11814549e-01  6.66227976e-01  4.32616228e+00  1.54159872e-02  2.16095576e-04 
 3.32052125e-01  3.32052125e-01  5.00000000e+00  4.27413214e+00  4.38447227e+00  7.63262648e-01  1.11986415e-01  6.66441098e-01  4.32604572e+00  1.54153545e-02  2.16394713e-04 
 3.32054102e-01  3.32054102e-01  5.00000000e+00  4.27413447e+00  4.38439542e+00  7.63046110e-01  1.12364168e-01  6.66901359e-01  4.32579525e+00  1.54139642e-02  2.17038622e-04 
 3.32058055e-01  3.32058055e-01  5.00000000e+00  4.27414256e+00  4.38415211e+00  7.62319795e-01  1.13672798e-01  6.68374944e-01  4.32499796e+00  1.54091473e-02  2.19089911e-04 
 3.32058522e-01  3.32058522e-01  5.00000000e+00  4.27414384e+00  4.38411508e+00  7.62207245e-01  1.13880647e-01  6.68602285e-01  4.32487665e+00  1.54083824e-02  2.19403790e-04 
 3.32059456e-01  3.32059456e-01  5.00000000e+00  4.27414728e+00  4.38401634e+00  7.61899524e-01  1.14437591e-01  6.69198207e-01  4.32455117e+00  1.54063323e-02  2.20242989e-04 
 3.32059690e-01  3.32059690e-01  5.00000000e+00  4.27414866e+00  4.38397734e+00  7.61774897e-01  1.14660387e-01  6.69430746e-01  4.32442199e+00  1.54055121e-02  2.20575375e-04 
 3.32060157e-01  3.32060157e-01  5.00000000e+00  4.27415183e+00  4.38388993e+00  7.61495438e-01  1.15172655e-01  6.69962498e-01  4.32413332e+00  1.54036267e-02  2.21322029e-04 
 3.32060274e-01  3.32060274e-01  5.00000000e+00  4.27415285e+00  4.38386104e+00  7.61401914e-01  1.15338880e-01  6.70133592e-01  4.32403745e+00  1.54030148e-02  2.21569411e-04 
 3.32060508e-01  3.32060508e-01  5.00000000e+00  4.27415516e+00  4.38379726e+00  7.61195223e-01  1.15711973e-01  6.70516425e-01  4.32382602e+00  1.54016415e-02  2.22116380e-04 
 3.32060975e-01  3.32060975e-01  5.00000000e+00  4.27416271e+00  4.38358658e+00  7.60503725e-01  1.16933324e-01  6.71757248e-01  4.32312470e+00  1.53971459e-02  2.23933013e-04 
 3.32060991e-01  3.32060991e-01  5.00000000e+00  4.27416300e+00  4.38357908e+00  7.60479981e-01  1.16979939e-01  6.71804523e-01  4.32310061e+00  1.53969745e-02  2.23997995e-04 
 3.32061023e-01  3.32061023e-01  5.00000000e+00  4.27416365e+00  4.38355998e+00  7.60415919e-01  1.17085506e-01  6.71911409e-01  4.32303586e+00  1.53965857e-02  2.24163453e-04 
 3.32061086e-01  3.32061086e-01  5.00000000e+00  4.27416521e+00  4.38351596e+00  7.60270269e-01  1.17337792e-01  6.72166334e-01  4.32288883e+00  1.53956571e-02  2.24545266e-04 
 3.32061213e-01  3.32061213e-01  5.00000000e+00  4.27416895e+00  4.38340991e+00  7.59918387e-01  1.17942808e-01  6.72776626e-01  4.32253412e+00  1.53934303e-02  2.25467796e-04 
 3.32061466e-01  3.32061466e-01  5.00000000e+00  4.27418292e+00  4.38299748e+00  7.58533218e-01  1.20200263e-01  6.75044627e-01  4.32114293e+00  1.53851210e-02  2.29091891e-04 
 3.32061529e-01  3.32061529e-01  5.00000000e+00  4.27418962e+00  4.38279249e+00  7.57838880e-01  1.21283091e-01  6.76130090e-01  4.32044693e+00  1.53811356e-02  2.30914681e-04 
 3.32061656e-01  3.32061656e-01  5.00000000e+00  4.27421360e+00  4.38200393e+00  7.55124099e-01  1.25156526e-01  6.80008787e-01  4.31772854e+00  1.53668783e-02  2.38063208e-04 
 3.32061775e-01  3.32061775e-01  5.00000000e+00  4.27576377e+00  4.27410593e+00 -3.45485553e+00  3.68066982e-01  9.22905534e-01  1.07739658e-01  1.44729511e-02  1.54309862e-02 
 3.32061858e-01  3.32061858e-01  5.00000000e+00  4.27598525e+00  4.27395444e+00 -3.47947364e+00  4.01608329e-01  9.56421348e-01  8.31147180e-02  1.43495442e-02  1.55216286e-02 
 3.32061935e-01  3.32061935e-01  5.00000000e+00  4.27578313e+00  4.27394299e+00 -3.48133359e+00  3.71010084e-01  9.25799581e-01  8.12484808e-02  1.44621224e-02  1.55284982e-02 
 3.32062027e-01  3.32062027e-01  5.00000000e+00  4.27599675e+00  4.27389369e+00 -3.48937473e+00  4.03342494e-01  9.58103742e-01  7.31997672e-02  1.43431661e-02  1.55581277e-02 
 3.32062211e-01  3.32062211e-01  5.00000000e+00  4.27579283e+00  4.27390240e+00 -3.48793710e+00  3.72483995e-01  9.27188744e-01  7.46222656e-02  1.44566994e-02  1.55528894e-02 
 3.32062459e-01  3.32062459e-01  5.00000000e+00  4.27600220e+00  4.27386914e+00 -3.49334999e+00  4.04290048e-01  9.58918805e-01  6.91890003e-02  1.43401470e-02  1.55729023e-02 
 3.32062805e-01  3.32062805e-01  5.00000000e+00  4.27579523e+00  4.27389491e+00 -3.48910991e+00  3.72974107e-01  9.27497109e-01  7.34007368e-02  1.44553534e-02  1.55573935e-02 
 3.32063281e-01  3.32063281e-01  5.00000000e+00  4.27600405e+00  4.27386818e+00 -3.49344005e+00  4.04568182e-01  9.58945288e-01  6.90314738e-02  1.43391212e-02  1.55734776e-02 
 3.32064174e-01  3.32064174e-01  5.00000000e+00  4.27579790e+00  4.27389505e+00 -3.48897420e+00  3.73378745e-01  9.27482286e-01  7.34239895e-02  1.44538609e-02  1.55573086e-02 
 3.32065960e-01  3.32065960e-01  5.00000000e+00  4.27600923e+00  4.27386818e+00 -3.49321969e+00  4.05352153e-01  9.58908628e-01  6.90318101e-02  1.43362481e-02  1.55734764e-02 
 3.32069533e-01  3.32069533e-01  5.00000000e+00  4.27580834e+00  4.27389506e+00 -3.48853269e+00  3.74956857e-01  9.27419411e-01  7.34254507e-02  1.44480316e-02  1.55573032e-02 
 3.32076678e-01  3.32076678e-01  5.00000000e+00  4.27603006e+00  4.27386821e+00 -3.49233601e+00  4.08501935e-01  9.58777538e-01  6.90354301e-02  1.43247076e-02  1.55734631e-02 
 3.32090968e-01  3.32090968e-01  5.00000000e+00  4.27585001e+00  4.27389510e+00 -3.48676598e+00  3.81254924e-01  9.27160138e-01  7.34322108e-02  1.44247741e-02  1.55572784e-02 
 3.32119548e-01  3.32119548e-01  5.00000000e+00  4.27611336e+00  4.27386829e+00 -3.48880289e+00  4.21079777e-01  9.58258292e-01  6.90492505e-02  1.42786474e-02  1.55734122e-02 
 3.32176708e-01  3.32176708e-01  5.00000000e+00  4.27601650e+00  4.27389527e+00 -3.47970225e+00  4.06343791e-01  9.26125027e-01  7.34597831e-02  1.43322214e-02  1.55571769e-02 
 3.32291027e-01  3.32291027e-01  5.00000000e+00  4.27644589e+00  4.27386863e+00 -3.47468483e+00  4.70988443e-01  9.56198438e-01  6.91047607e-02  1.40962510e-02  1.55732078e-02 
 3.32519667e-01  3.32519667e-01  5.00000000e+00  4.27667970e+00  4.27389595e+00 -3.45150395e+00  5.05096817e-01  9.22047976e-01  7.35719546e-02  1.39693997e-02  1.55567642e-02 
 3.32976945e-01  3.32976945e-01  5.00000000e+00  4.27776519e+00  4.27387003e+00 -3.41843928e+00  6.64317862e-01  9.48210860e-01  6.93335970e-02  1.33952699e-02  1.55723650e-02 
 3.33891502e-01  3.33891502e-01  5.00000000e+00  4.27928926e+00  4.27389886e+00 -3.33961432e+00  8.75679075e-01  9.06715475e-01  7.40473415e-02  1.26287682e-02  1.55550153e-02 
 3.34891502e-01  3.34891502e-01  5.00000000e+00  4.28143224e+00  4.27387444e+00 -3.26332148e+00  1.15417314e+00  9.27886099e-01  7.00551876e-02  1.16246139e-02  1.55697079e-02 
 3.35891502e-01  3.35891502e-01  5.00000000e+00  4.28314138e+00  4.27390414e+00 -3.17895969e+00  1.35189572e+00  8.86896909e-01  7.49088517e-02  1.08812949e-02  1.55518446e-02 
 3.36891502e-01  3.36891502e-01  5.00000000e+00  4.28532915e+00  4.27388007e+00 -3.10415556e+00  1.59588435e+00  9.09424141e-01  7.09745107e-02  9.99875725e-03  1.55663236e-02 
 3.37891502e-01  3.37891502e-01  5.00000000e+00  4.28699934e+00  4.27391029e+00 -3.02124056e+00  1.76166269e+00  8.69734345e-01  7.59137104e-02  9.37350349e-03  1.55481461e-02 
 3.38891502e-01  3.38891502e-01  5.00000000e+00  4.28922351e+00  4.27388646e+00 -2.94791444e+00  1.97600880e+00  8.93436201e-01  7.20195337e-02  8.60114584e-03  1.55624767e-02 
 3.39891502e-01  3.39891502e-01  5.00000000e+00  4.29084746e+00  4.27391715e+00 -2.86642870e+00  2.11434596e+00  8.54873589e-01  7.70336099e-02  8.07772041e-03  1.55440240e-02 
 3.40891502e-01  3.40891502e-01  5.00000000e+00  4.29311370e+00  4.27389350e+00 -2.79456220e+00  2.30322389e+00  8.79591116e-01  7.31699735e-02  7.40008254e-03  1.55582418e-02 
 3.41891502e-01  3.41891502e-01  5.00000000e+00  4.29468428e+00  4.27392459e+00 -2.71448841e+00  2.41798697e+00  8.42006388e-01  7.82483641e-02  6.96410170e-03  1.55395528e-02 
 3.42891502e-01  3.42891502e-01  5.00000000e+00  4.29699924e+00  4.27390106e+00 -2.64406357e+00  2.58498222e+00  8.67602343e-01  7.44055377e-02  6.36788296e-03  1.55536936e-02 
 3.43891502e-01  3.43891502e-01  5.00000000e+00  4.29850830e+00  4.27393249e+00 -2.56538509e+00  2.67949222e+00  8.30865967e-01  7.95373683e-02  6.00698626e-03  1.55348082e-02 
 3.44891502e-01  3.44891502e-01  5.00000000e+00  4.30087954e+00  4.27390902e+00 -2.49638431e+00  2.82768459e+00  8.57221811e-01  7.57056028e-02  5.48076747e-03  1.55489079e-02 
 3.45891502e-01  3.45891502e-01  5.00000000e+00  4.30231773e+00  4.27394071e+00 -2.41908494e+00  2.90479355e+00  8.21221270e-01  8.08798912e-02  5.18433330e-03  1.55298666e-02 
 3.46891502e-01  3.46891502e-01  5.00000000e+00  4.30475395e+00  4.27391725e+00 -2.35149081e+00  3.03682852e+00  8.48234595e-01  7.70495703e-02  4.71831190e-03  1.55439608e-02 
 3.47891502e-01  3.47891502e-01  5.00000000e+00  4.30611058e+00  4.27394915e+00 -2.27555454e+00  3.09898570e+00  8.12872055e-01  8.22554603e-02  4.47721114e-03  1.55248033e-02 
 3.48891502e-01  3.48891502e-01  5.00000000e+00  4.30862169e+00  4.27392563e+00 -2.20934967e+00  3.21713583e+00  8.40454387e-01  7.84172654e-02  4.06297370e-03  1.55389263e-02 
 3.49891502e-01  3.49891502e-01  5.00000000e+00  4.30988458e+00  4.27395767e+00 -2.13476044e+00  3.26644457e+00  8.05644698e-01  8.36442743e-02  3.86935788e-03  1.55196911e-02 
 3.50891502e-01  3.50891502e-01  5.00000000e+00  4.31248182e+00  4.27393404e+00 -2.06992731e+00  3.37266211e+00  8.33719617e-01  7.97893522e-02  3.49968481e-03  1.55338757e-02 
 3.51891502e-01  3.51891502e-01  5.00000000e+00  4.31363713e+00  4.27396615e+00 -1.99666877e+00  3.41092875e+00  7.99388616e-01  8.50276173e-02  3.34680415e-03  1.55145991e-02 
 3.52891502e-01  3.52891502e-01  5.00000000e+00  4.31633328e+00  4.27394236e+00 -1.93318956e+00  3.50689090e+00  8.27890137e-01  8.11477417e-02  3.01550207e-03  1.55288755e-02 
 3.53891502e-01  3.53891502e-01  5.00000000e+00  4.31736532e+00  4.27397451e+00 -1.86124483e+00  3.53566666e+00  7.93973184e-01  8.63882514e-02  2.89754909e-03  1.55095907e-02 
 3.54891502e-01  3.54891502e-01  5.00000000e+00  4.32017478e+00  4.27395051e+00 -1.79910128e+00  3.62281440e+00  8.22844373e-01  8.24759662e-02  2.59930695e-03  1.55239865e-02 
 3.55891502e-01  3.55891502e-01  5.00000000e+00  4.32106586e+00  4.27398263e+00 -1.72845279e+00  3.64343144e+00  7.89285094e-01  8.77107625e-02  2.51128210e-03  1.55047226e-02 
 3.56891502e-01  3.56891502e-01  5.00000000e+00  4.32400481e+00  4.27395838e+00 -1.66762611e+00  3.72300289e+00  8.18476868e-01  8.37594986e-02  2.24154770e-03  1.55192619e-02 
 3.57891502e-01  3.57891502e-01  5.00000000e+00  4.32473509e+00  4.27399043e+00 -1.59825542e+00  3.73660520e+00  7.85226067e-01  8.89818395e-02  2.17914396e-03  1.55000437e-02 
 3.58891502e-01  3.58891502e-01  5.00000000e+00  4.32782161e+00  4.27396591e+00 -1.53872621e+00  3.80966424e+00  8.14696166e-01  8.49859965e-02  1.93401795e-03  1.55147474e-02 
 3.59891502e-01  3.59891502e-01  5.00000000e+00  4.32836895e+00  4.27399786e+00 -1.47061391e+00  3.81723420e+00  7.81710883e-01  9.01904690e-02  1.89352164e-03  1.54955947e-02 
 3.60891502e-01  3.60891502e-01  5.00000000e+00  4.33162313e+00  4.27397302e+00 -1.41236213e+00  3.88469502e+00  8.11422967e-01  8.61454573e-02  1.66966660e-03  1.55104796e-02 
 3.61891502e-01  3.61891502e-01  5.00000000e+00  4.33196297e+00  4.27400485e+00 -1.34548783e+00  3.88707621e+00  7.78665663e-01  9.13280360e-02  1.64787224e-03  1.54914073e-02 
 3.62891502e-01  3.62891502e-01  5.00000000e+00  4.33540695e+00  4.27397968e+00 -1.28849284e+00  3.94972443e+00  8.08588542e-01  8.72302768e-02  1.44243449e-03  1.55064866e-02 
 3.63891502e-01  3.63891502e-01  5.00000000e+00  4.33551229e+00  4.27401136e+00 -1.22283515e+00  3.94764114e+00  7.76026382e-01  9.23883265e-02  1.43657175e-03  1.54875044e-02 
 3.64891502e-01  3.64891502e-01  5.00000000e+00  4.33917030e+00  4.27398585e+00 -1.16707574e+00  4.00615194e+00  8.06133341e-01  8.82352120e-02  1.24711423e-03  1.55027877e-02 
 3.65891502e-01  3.65891502e-01  5.00000000e+00  4.33901169e+00  4.27401738e+00 -1.10261235e+00  4.00022601e+00  7.73737581e-01  9.33674364e-02  1.25478528e-03  1.54839002e-02 
 3.66891502e-01  3.66891502e-01  5.00000000e+00  4.34290997e+00  4.27399152e+00 -1.04806682e+00  4.05517963e+00  8.04005787e-01  8.91572548e-02  1.07922970e-03  1.54993939e-02 
 3.67891502e-01  3.67891502e-01  5.00000000e+00  4.34245561e+00  4.27402290e+00 -9.84774606e-01  4.04594483e+00  7.71751234e-01  9.42635987e-02  1.09835557e-03  1.54806014e-02 
 3.68891502e-01  3.68891502e-01  5.00000000e+00  4.34662232e+00  4.27399666e+00 -9.31420937e-01  4.09783997e+00  8.02161228e-01  8.99954321e-02  9.34932661e-04  1.54963088e-02 
 3.69891502e-01  3.69891502e-01  5.00000000e+00  4.34583827e+00  4.27402790e+00 -8.69276103e-01  4.08575441e+00  7.70025777e-01  9.50769459e-02  9.63707448e-04  1.54776074e-02 
 3.70891502e-01  3.70891502e-01  5.00000000e+00  4.35030322e+00  4.27400130e+00 -8.17092013e-01  4.13501965e+00  8.00561018e-01  9.07505514e-02  8.10913858e-04  1.54935295e-02 
 3.71891502e-01  3.71891502e-01  5.00000000e+00  4.34915372e+00  4.27403240e+00 -7.56070283e-01  4.12047644e+00  7.68525254e-01  9.58092268e-02  8.47765709e-04  1.54749118e-02 
 3.72891502e-01  3.72891502e-01  5.00000000e+00  4.35394809e+00  4.27400545e+00 -7.05033400e-01  4.16748009e+00  7.99171725e-01  9.14249109e-02  7.04326745e-04  1.54910474e-02 
 3.73891502e-01  3.73891502e-01  5.00000000e+00  4.35239603e+00  4.27403643e+00 -6.45110182e-01  4.15081646e+00  7.67218580e-01  9.64635017e-02  7.47884818e-04  1.54725034e-02 
 3.74891502e-01  3.74891502e-01  5.00000000e+00  4.35755188e+00  4.27400912e+00 -5.95198164e-01  4.19587501e+00  7.97964432e-01  9.20219973e-02  6.12722000e-04  1.54888498e-02 
 3.75891502e-01  3.75891502e-01  5.00000000e+00  4.35555938e+00  4.27404000e+00 -5.36348745e-01  4.17738018e+00  7.66078896e-01  9.70438332e-02  6.61788599e-04  1.54703672e-02 
 3.76891502e-01  3.76891502e-01  5.00000000e+00  4.36110912e+00  4.27401234e+00 -4.87539385e-01  4.22076557e+00  7.96914141e-01  9.25461886e-02  5.33991357e-04  1.54869205e-02 
 3.77891502e-01  3.77891502e-01  5.00000000e+00  4.35863829e+00  4.27404315e+00 -4.29739113e-01  4.20068758e+00  7.65083019e-01  9.75549924e-02  5.87518623e-04  1.54684856e-02 
 3.78891502e-01  3.78891502e-01  5.00000000e+00  4.36461404e+00  4.27401514e+00 -3.82010441e-01  4.24263341e+00  7.95999243e-01  9.30024759e-02  4.66319505e-04  1.54852412e-02 
 3.79891502e-01  3.79891502e-01  5.00000000e+00  4.36162778e+00  4.27404590e+00 -3.25234891e-01  4.22118489e+00  7.64210949e-01  9.80021912e-02  5.23390039e-04  1.54668395e-02 
 3.80891502e-01  3.80891502e-01  5.00000000e+00  4.36806064e+00  4.27401757e+00 -2.78565235e-01  4.26189179e+00  7.95201072e-01  9.33962162e-02  4.08142930e-04  1.54837921e-02 
 3.81891502e-01  3.81891502e-01  5.00000000e+00  4.36452355e+00  4.27404829e+00 -2.22790365e-01  4.23925507e+00  7.63445458e-01  9.83908507e-02  4.67953806e-04  1.54654089e-02 
 3.82891502e-01  3.82891502e-01  5.00000000e+00  4.37144283e+00  4.27401964e+00 -1.77158406e-01  4.27889530e+00  7.94503507e-01  9.37329204e-02  3.58114757e-04  1.54825529e-02 
 3.83891502e-01  3.83891502e-01  5.00000000e+00  4.36732213e+00  4.27405036e+00 -1.22360679e-01  4.25522668e+00  7.62771720e-01  9.87264099e-02  4.19964384e-04  1.54641737e-02 
 3.84891502e-01  3.84891502e-01  5.00000000e+00  4.37475467e+00  4.27402139e+00 -7.77454763e-02  4.29394814e+00  7.93892632e-01  9.40180808e-02  3.15074761e-04  1.54815034e-02 
 3.85891502e-01  3.85891502e-01  5.00000000e+00  4.37033161e+00  4.27405209e+00 -2.39107749e-02  4.26940332e+00  7.62187255e-01  9.90053288e-02  3.73835634e-04  1.54631362e-02 
 3.86891502e-01  3.86891502e-01  5.00000000e+00  4.37914469e+00  4.27402261e+00  1.96746227e-02  4.30741806e+00  7.93399205e-01  9.42143413e-02  2.65889614e-04  1.54807714e-02 
 3.87891502e-01  3.87891502e-01  5.00000000e+00  4.37244122e+00  4.27405369e+00  7.26372885e-02  4.28204500e+00  7.61638313e-01  9.92675042e-02  3.44554919e-04  1.54621822e-02 
 3.88891502e-01  3.88891502e-01  5.00000000e+00  4.38111536e+00  4.27402410e+00  1.15275702e-01  4.31928433e+00  7.92879727e-01  9.44586868e-02  2.46383718e-04  1.54798820e-02 
 3.89891502e-01  3.89891502e-01  5.00000000e+00  4.37513992e+00  4.27405492e+00  1.67274648e-01  4.29324769e+00  7.61180221e-01  9.94680450e-02  3.10416624e-04  1.54614439e-02 
 3.90891502e-01  3.90891502e-01  5.00000000e+00  4.38423663e+00  4.27402508e+00  2.08961245e-01  4.32990107e+00  7.92466083e-01  9.46180633e-02  2.18375149e-04  1.54792955e-02 
 3.91891502e-01  3.91891502e-01  5.00000000e+00  4.37752521e+00  4.27405599e+00  2.60072540e-01  4.30326465e+00  7.60762829e-01  9.96415287e-02  2.83070026e-04  1.54608054e-02 
 3.92891502e-01  3.92891502e-01  5.00000000e+00  4.38721252e+00  4.27402587e+00  3.00822095e-01  4.33940891e+00  7.92097630e-01  9.47474396e-02  1.94641499e-04  1.54788195e-02 
 3.93891502e-01  3.93891502e-01  5.00000000e+00  4.37982014e+00  4.27405688e+00  3.51063431e-01  4.31224685e+00  7.60389616e-01  9.97851441e-02  2.59035876e-04  1.54602768e-02 
 3.94891502e-01  3.94891502e-01  5.00000000e+00  4.39009814e+00  4.27402650e+00  3.90895273e-01  4.34795053e+00  7.91770309e-01  9.48489008e-02  1.74093847e-04  1.54784462e-02 
 3.95891502e-01  3.95891502e-01  5.00000000e+00  4.38201670e+00  4.27405760e+00  4.40286217e-01  4.32032465e+00  7.60053705e-01  9.99032453e-02  2.37945636e-04  1.54598421e-02 
 3.96891502e-01  3.96891502e-01  5.00000000e+00  4.39288627e+00  4.27402699e+00  4.79221625e-01  4.35563962e+00  7.91474658e-01  9.49292437e-02  1.56303364e-04  1.54781506e-02 
 3.97891502e-01  3.97891502e-01  5.00000000e+00  4.38410428e+00  4.27405828e+00  5.27790873e-01  4.32757343e+00  7.59733732e-01  1.00012605e-01  2.19495488e-04  1.54594397e-02 
 3.98891502e-01  3.98891502e-01  5.00000000e+00  4.39550197e+00  4.27402792e+00  5.65923138e-01  4.36235350e+00  7.91102179e-01  9.50797305e-02  1.41269505e-04  1.54775965e-02 
 3.99891502e-01  3.99891502e-01  5.00000000e+00  4.38469349e+00  4.27408145e+00  6.17215852e-01  4.32676455e+00  7.55582397e-01  1.03770494e-01  2.14551802e-04  1.54455962e-02 
 4.00891502e-01  4.00891502e-01  5.00000000e+00  4.39376282e+00  4.27404517e+00  6.53482773e-01  4.35614617e+00  7.87790968e-01  9.78844997e-02  1.51095061e-04  1.54672769e-02 
 4.01891502e-01  4.01891502e-01  5.00000000e+00  4.27389096e+00  4.27661751e+00  9.21174375e-01  7.27538569e-02 -3.45381808e+00  4.95799778e-01  1.55597696e-02  1.40030286e-02 
 4.02891502e-01  4.02891502e-01  5.00000000e+00  4.27387631e+00  4.27880175e+00  9.43660135e-01  7.03607077e-02 -3.37483475e+00  8.04158686e-01  1.55685833e-02  1.28690543e-02 
 4.03891502e-01  4.03891502e-01  5.00000000e+00  4.27389536e+00  4.28048637e+00  8.99261653e-01  7.34729180e-02 -3.29113276e+00  1.02493720e+00  1.55571202e-02  1.20575895e-02 
 4.04835583e-01  4.04835583e-01  5.00000000e+00  4.27388155e+00  4.28259696e+00  9.23767875e-01  7.12145159e-02 -3.21802376e+00  1.28215275e+00  1.55654335e-02  1.11127564e-02 
 4.05835583e-01  4.05835583e-01  5.00000000e+00  4.27390040e+00  4.28418822e+00  8.80783633e-01  7.42971114e-02 -3.13586049e+00  1.46833696e+00  1.55540904e-02  1.04496846e-02 
 4.06835583e-01  4.06835583e-01  5.00000000e+00  4.27388779e+00  4.28649839e+00  9.06007582e-01  7.22356584e-02 -3.05960730e+00  1.70617609e+00  1.55616746e-02  9.55681920e-03 
 4.07835583e-01  4.07835583e-01  5.00000000e+00  4.27390635e+00  4.28804230e+00  8.64288771e-01  7.52692296e-02 -2.97901752e+00  1.86172442e+00  1.55505119e-02  9.00305431e-03 
 4.08835583e-01  4.08835583e-01  5.00000000e+00  4.27389483e+00  4.29039690e+00  8.90627358e-01  7.33856726e-02 -2.90409684e+00  2.07110515e+00  1.55574413e-02  8.21966371e-03 
 4.09835583e-01  4.09835583e-01  5.00000000e+00  4.27391292e+00  4.29188588e+00  8.50007380e-01  7.63420825e-02 -2.82508059e+00  2.20033705e+00  1.55465625e-02  7.75983964e-03 
 4.10835583e-01  4.10835583e-01  5.00000000e+00  4.27390253e+00  4.29429199e+00  8.77307917e-01  7.46437080e-02 -2.75145721e+00  2.38526469e+00  1.55528105e-02  7.07053182e-03 
 4.11835583e-01  4.11835583e-01  5.00000000e+00  4.27391998e+00  4.29571753e+00  8.37643018e-01  7.74947664e-02 -2.67401490e+00  2.49189035e+00  1.55423192e-02  6.69138563e-03 
 4.12835583e-01  4.12835583e-01  5.00000000e+00  4.27391077e+00  4.29818331e+00  8.65773826e-01  7.59895543e-02 -2.60165324e+00  2.65580544e+00  1.55478564e-02  6.08293796e-03 
 4.13835583e-01  4.13835583e-01  5.00000000e+00  4.27392740e+00  4.29953560e+00  8.26939078e-01  7.87061482e-02 -2.52578656e+00  2.74301098e+00  1.55378597e-02  5.77307676e-03 
 4.14835583e-01  4.14835583e-01  5.00000000e+00  4.27391942e+00  4.30207046e+00  8.55786583e-01  7.74025728e-02 -2.45465088e+00  2.88886896e+00  1.55426550e-02  5.23413398e-03 
 4.15835583e-01  4.15835583e-01  5.00000000e+00  4.27393506e+00  4.30333822e+00  8.17673273e-01  7.99552452e-02 -2.38036218e+00  2.95939038e+00  1.55332614e-02  4.98377045e-03 
 4.16835583e-01  4.16835583e-01  5.00000000e+00  4.27392837e+00  4.30595295e+00  8.47139523e-01  7.88620340e-02 -2.31041680e+00  3.08973017e+00  1.55372827e-02  4.50458139e-03 
 4.17835583e-01  4.17835583e-01  5.00000000e+00  4.27394282e+00  4.30712325e+00  8.09652933e-01  8.12216676e-02 -2.23770841e+00  3.14591691e+00  1.55285993e-02  4.30530646e-03 
 4.18835583e-01  4.18835583e-01  5.00000000e+00  4.27393747e+00  4.30983022e+00  8.39653477e-01  8.03474961e-02 -2.16891804e+00  3.26291969e+00  1.55318147e-02  3.87749799e-03 
 4.19835583e-01  4.19835583e-01  5.00000000e+00  4.27395058e+00  4.31088825e+00  8.02710989e-01  8.24860773e-02 -2.09779151e+00  3.30678925e+00  1.55239446e-02  3.72208553e-03 
 4.20835583e-01  4.20835583e-01  5.00000000e+00  4.27394662e+00  4.31370163e+00  8.33173054e-01  8.18392056e-02 -2.03012159e+00  3.41232899e+00  1.55263238e-02  3.33846851e-03 
 4.21835583e-01  4.21835583e-01  5.00000000e+00  4.27395821e+00  4.31463047e+00  7.96702533e-01  8.37306358e-02 -1.96057689e+00  3.44561377e+00  1.55193630e-02  3.22070749e-03 
 4.22835583e-01  4.22835583e-01  5.00000000e+00  4.27395569e+00  4.31756640e+00  8.27563463e-01  8.33184979e-02 -1.89399400e+00  3.54130064e+00  1.55208785e-02  2.87511023e-03 
 4.23835583e-01  4.23835583e-01  5.00000000e+00  4.27396563e+00  4.31834677e+00  7.91501872e-01  8.49394087e-02 -1.82602870e+00  3.56548824e+00  1.55149131e-02  2.78966048e-03 
 4.24835583e-01  4.24835583e-01  5.00000000e+00  4.27396458e+00  4.32142362e+00  8.22707776e-01  8.47681771e-02 -1.76050104e+00  3.65270581e+00  1.55155423e-02  2.47678585e-03 
 4.25835583e-01  4.25835583e-01  5.00000000e+00  4.27397331e+00  4.32204052e+00  7.86995551e-01  8.61898810e-02 -1.69401881e+00  3.66906959e+00  1.55103090e-02  2.41841095e-03 
 4.26835583e-01  4.26835583e-01  5.00000000e+00  4.27397320e+00  4.32527226e+00  8.18504530e-01  8.61731552e-02 -1.62960794e+00  3.74901164e+00  1.55103706e-02  2.13435368e-03 
 4.27835583e-01  4.27835583e-01  5.00000000e+00  4.27398024e+00  4.32569016e+00  7.83096452e-01  8.73196281e-02 -1.56465941e+00  3.75865085e+00  1.55061504e-02  2.10014563e-03 
 4.28835583e-01  4.28835583e-01  5.00000000e+00  4.27398147e+00  4.32911103e+00  8.14865828e-01  8.75197463e-02 -1.50127778e+00  3.83233569e+00  1.55054139e-02  1.83996736e-03 
 4.29835583e-01  4.29835583e-01  5.00000000e+00  4.27398678e+00  4.32930333e+00  7.79719607e-01  8.83847902e-02 -1.43784446e+00  3.83619210e+00  1.55022296e-02  1.82633791e-03 
 4.30835583e-01  4.30835583e-01  5.00000000e+00  4.27398932e+00  4.33293847e+00  8.11715417e-01  8.87970656e-02 -1.37547224e+00  3.90449806e+00  1.55007121e-02  1.58687978e-03 
 4.31835583e-01  4.31835583e-01  5.00000000e+00  4.27399289e+00  4.33287588e+00  7.76793993e-01  8.93788631e-02 -1.31353163e+00  3.90338026e+00  1.54985705e-02  1.59072451e-03 
 4.32835583e-01  4.32835583e-01  5.00000000e+00  4.27399668e+00  4.33675289e+00  8.08987215e-01  8.99964787e-02 -1.25215152e+00  3.96706230e+00  1.54962971e-02  1.36929383e-03 
 4.33835583e-01  4.33835583e-01  5.00000000e+00  4.27399853e+00  4.33640339e+00  7.74258077e-01  9.02976220e-02 -1.19167714e+00  3.96166451e+00  1.54951886e-02  1.38792178e-03 
 4.34835583e-01  4.34835583e-01  5.00000000e+00  4.27400354e+00  4.34055230e+00  8.06623975e-01  9.11117492e-02 -1.13127427e+00  4.02137160e+00  1.54921919e-02  1.18222765e-03 
 4.35835583e-01  4.35835583e-01  5.00000000e+00  4.27400370e+00  4.33988124e+00  7.72058566e-01  9.11389547e-02 -1.07223591e+00  4.01228974e+00  1.54920917e-02  1.21330191e-03 
 4.36835583e-01  4.36835583e-01  5.00000000e+00  4.27400985e+00  4.34433445e+00  8.04576123e-01  9.21389611e-02 -1.01279763e+00  4.06857980e+00  1.54884108e-02  1.02139956e-03 
 4.37835583e-01  4.37835583e-01  5.00000000e+00  4.27400840e+00  4.34330465e+00  7.70149329e-01  9.19026305e-02 -9.55161831e-01  4.05632534e+00  1.54892807e-02  1.06288656e-03 
 4.38835583e-01  4.38835583e-01  5.00000000e+00  4.27401561e+00  4.34809669e+00  8.02800745e-01  9.30763598e-02 -8.96677467e-01  4.10967802e+00  1.54849603e-02  8.83129187e-04 
 4.39835583e-01  4.39835583e-01  5.00000000e+00  4.27401262e+00  4.34666875e+00  7.68490449e-01  9.25900258e-02 -8.40408079e-01  4.09468993e+00  1.54867504e-02  9.33255754e-04 
 4.40835583e-01  4.40835583e-01  5.00000000e+00  4.27402083e+00  4.35183607e+00  8.01260709e-01  9.39241266e-02 -7.82868580e-01  4.14551761e+00  1.54818398e-02  7.64252615e-04 
 4.41835583e-01  4.41835583e-01  5.00000000e+00  4.27401640e+00  4.34996871e+00  7.67047411e-01  9.32038259e-02 -7.27927402e-01  4.12817250e+00  1.54844911e-02  8.21469657e-04 
 4.42835583e-01  4.42835583e-01  5.00000000e+00  4.27402550e+00  4.35554918e+00  7.99923892e-01  9.46841072e-02 -6.71325011e-01  4.17682974e+00  1.54790423e-02  6.62049447e-04 
 4.43835583e-01  4.43835583e-01  5.00000000e+00  4.27401974e+00  4.35319979e+00  7.65790382e-01  9.37477253e-02 -6.17672442e-01  4.15745071e+00  1.54824890e-02  7.25001488e-04 
 4.44835583e-01  4.44835583e-01  5.00000000e+00  4.27402965e+00  4.35923227e+00  7.98762514e-01  9.53595142e-02 -5.62000341e-01  4.20424234e+00  1.54765562e-02  5.74180190e-04 
 4.45835583e-01  4.45835583e-01  5.00000000e+00  4.27402268e+00  4.35635748e+00  7.64693596e-01  9.42261400e-02 -5.09596026e-01  4.18310648e+00  1.54807281e-02  6.41679945e-04 
 4.46835583e-01  4.46835583e-01  5.00000000e+00  4.27403332e+00  4.36288114e+00  7.97752557e-01  9.59546235e-02 -4.54847988e-01  4.22829458e+00  1.54743657e-02  4.98632475e-04 
 4.47835583e-01  4.47835583e-01  5.00000000e+00  4.27402525e+00  4.35943762e+00  7.63734815e-01  9.46439465e-02 -4.03651426e-01  4.20563952e+00  1.54791902e-02  5.69639758e-04 
 4.48835583e-01  4.48835583e-01  5.00000000e+00  4.27403651e+00  4.36649121e+00  7.96873258e-01  9.64744818e-02 -3.49821506e-01  4.24944935e+00  1.54724521e-02  4.33674904e-04 
 4.49835583e-01  4.49835583e-01  5.00000000e+00  4.27402748e+00  4.36243646e+00  7.62894858e-01  9.50062558e-02 -2.99792577e-01  4.22547882e+00  1.54778565e-02  5.07279193e-04 
 4.50835583e-01  4.50835583e-01  5.00000000e+00  4.27403928e+00  4.37005757e+00  7.96106672e-01  9.69246383e-02 -2.46874836e-01  4.26810400e+00  1.54707952e-02  3.77817441e-04 
 4.51835583e-01  4.51835583e-01  5.00000000e+00  4.27402940e+00  4.36535082e+00  7.62157201e-01  9.53182248e-02 -1.97974255e-01  4.24299266e+00  1.54767082e-02  4.53223481e-04 
 4.52835583e-01  4.52835583e-01  5.00000000e+00  4.27404166e+00  4.37357502e+00  7.95437291e-01  9.73109093e-02 -1.45962534e-01  4.28459953e+00  1.54693733e-02  3.29777482e-04 
 4.53835583e-01  4.53835583e-01  5.00000000e+00  4.27403104e+00  4.36817812e+00  7.61507617e-01  9.55849081e-02 -9.81522089e-02  4.25849714e+00  1.54757266e-02  4.06293308e-04 
 4.54835583e-01  4.54835583e-01  5.00000000e+00  4.27404368e+00  4.37703817e+00  7.94851717e-01  9.76391804e-02 -4.70399481e-02  4.29922858e+00  1.54681650e-02  2.88450783e-04 
 4.55835583e-01  4.55835583e-01  5.00000000e+00  4.27403249e+00  4.37092193e+00  7.60934033e-01  9.58203159e-02 -2.74133748e-04  4.27226391e+00  1.54748599e-02  3.65400072e-04 
 4.56835583e-01  4.56835583e-01  5.00000000e+00  4.27404538e+00  4.38044171e+00  7.94338365e-01  9.79153155e-02  4.99366173e-02  4.31224260e+00  1.54671486e-02  2.52885089e-04 
 4.57835583e-01  4.57835583e-01  5.00000000e+00  4.27403360e+00  4.37356469e+00  7.60425446e-01  9.60014908e-02  9.56745638e-02  4.28452507e+00  1.54741932e-02  3.29909122e-04 
 4.58835583e-01  4.58835583e-01  5.00000000e+00  4.27404679e+00  4.38377990e+00  7.93887266e-01  9.81447086e-02  1.45009829e-01  4.32385620e+00  1.54663042e-02  2.22265503e-04 
 4.59835583e-01  4.59835583e-01  5.00000000e+00  4.27403458e+00  4.37612225e+00  7.59973349e-01  9.61601437e-02  1.89762331e-01  4.29548072e+00  1.54736092e-02  2.98848248e-04 
 4.60835583e-01  4.60835583e-01  5.00000000e+00  4.27404795e+00  4.38704781e+00  7.93489786e-01  9.83328102e-02  2.38221342e-01  4.33425463e+00  1.54656118e-02  1.95884921e-04 
 4.61835583e-01  4.61835583e-01  5.00000000e+00  4.27403539e+00  4.37858945e+00  7.59569830e-01  9.62909549e-02  2.82019701e-01  4.30530237e+00  1.54731277e-02  2.71659086e-04 
 4.62835583e-01  4.62835583e-01  5.00000000e+00  4.27404889e+00  4.39024056e+00  7.93138473e-01  9.84845032e-02  3.29611548e-01  4.34359641e+00  1.54650535e-02  1.73137882e-04 
 4.63835583e-01  4.63835583e-01  5.00000000e+00  4.27403604e+00  4.38096711e+00  7.59208032e-01  9.63975616e-02  3.72485427e-01  4.31413674e+00  1.54727353e-02  2.47800000e-04 
 4.64835583e-01  4.64835583e-01  5.00000000e+00  4.27404963e+00  4.39335332e+00  7.92826493e-01  9.86047159e-02  4.19220088e-01  4.35201643e+00  1.54646110e-02  1.53506240e-04 
 4.65835583e-01  4.65835583e-01  5.00000000e+00  4.27403660e+00  4.38325245e+00  7.58874903e-01  9.64882773e-02  4.61201974e-01  4.32209535e+00  1.54724014e-02  2.26844636e-04 
 4.66835583e-01  4.66835583e-01  5.00000000e+00  4.27405027e+00  4.39636716e+00  7.92535752e-01  9.87097033e-02  5.07096536e-01  4.35959449e+00  1.54642245e-02  1.36622151e-04 
 4.67835583e-01  4.67835583e-01  5.00000000e+00  4.27403801e+00  4.38531562e+00  7.58353914e-01  9.67175730e-02  5.48353367e-01  4.32885863e+00  1.54715575e-02  2.09452731e-04 
 4.68835583e-01  4.68835583e-01  5.00000000e+00  4.27405299e+00  4.39882145e+00  7.91909254e-01  9.91510178e-02  5.93613228e-01  4.36538190e+00  1.54626001e-02  1.24254296e-04 
 4.69835583e-01  4.69835583e-01  5.00000000e+00  4.27408369e+00  4.38249645e+00  7.50026367e-01  1.04133967e-01  6.40918470e-01  4.31943181e+00  1.54442582e-02  2.33572843e-04 
 4.69960583e-01  4.69960583e-01  5.00000000e+00  4.27407344e+00  4.38861969e+00  7.70126478e-01  1.02470801e-01  6.44510764e-01  4.33884939e+00  1.54503803e-02  1.84335001e-04 
 4.70210583e-01  4.70210583e-01  5.00000000e+00  4.27410951e+00  4.38632204e+00  7.65535908e-01  1.08320446e-01  6.60844514e-01  4.33192827e+00  1.54288485e-02  2.01459308e-04 
 4.70216936e-01  4.70216936e-01  5.00000000e+00  4.27419320e+00  4.38410485e+00  7.58607167e-01  1.21861242e-01  6.74649713e-01  4.32484241e+00  1.53790073e-02  2.19490630e-04 
 4.70229643e-01  4.70229643e-01  5.00000000e+00  4.27417271e+00  4.38452983e+00  7.60294541e-01  1.18549611e-01  6.71867192e-01  4.32623361e+00  1.53911968e-02  2.15913695e-04 
 4.70236471e-01  4.70236471e-01  5.00000000e+00  4.27418315e+00  4.38413065e+00  7.59144360e-01  1.20237983e-01  6.73839943e-01  4.32492726e+00  1.53849821e-02  2.19271818e-04 
 4.70236576e-01  4.70236576e-01  5.00000000e+00  4.27418640e+00  4.38403396e+00  7.58830750e-01  1.20763627e-01  6.74369937e-01  4.32461111e+00  1.53830478e-02  2.20092973e-04 
 4.70236785e-01  4.70236785e-01  5.00000000e+00  4.27419976e+00  4.38361162e+00  7.57433491e-01  1.22921113e-01  6.76536116e-01  4.32320850e+00  1.53751062e-02  2.23716325e-04 
 4.70236837e-01  4.70236837e-01  5.00000000e+00  4.27420712e+00  4.38337207e+00  7.56635240e-01  1.24109789e-01  6.77726963e-01  4.32240878e+00  1.53707312e-02  2.25797946e-04 
 4.70236942e-01  4.70236942e-01  5.00000000e+00  4.27423868e+00  4.38224294e+00  7.52786945e-01  1.29202480e-01  6.82823989e-01  4.31855719e+00  1.53519860e-02  2.35873479e-04 
 4.70237040e-01  4.70237040e-01  5.00000000e+00  4.27577180e+00  4.27412929e+00 -3.45423701e+00  3.69288773e-01  9.22898952e-01  1.11525348e-01  1.44684557e-02  1.54170517e-02 
 4.70237108e-01  4.70237108e-01  5.00000000e+00  4.27598869e+00  4.27397330e+00 -3.47956813e+00  4.02126688e-01  9.55716061e-01  8.61886616e-02  1.43476371e-02  1.55103135e-02 
 4.70237170e-01  4.70237170e-01  5.00000000e+00  4.27578983e+00  4.27395888e+00 -3.48191284e+00  3.72028100e-01  9.25598380e-01  8.38388537e-02  1.44583768e-02  1.55189631e-02 
 4.70237244e-01  4.70237244e-01  5.00000000e+00  4.27600008e+00  4.27390480e+00 -3.49073117e+00  4.03843581e-01  9.57391292e-01  7.50144681e-02  1.43413219e-02  1.55514472e-02 
 4.70237391e-01  4.70237391e-01  5.00000000e+00  4.27580065e+00  4.27390926e+00 -3.48999107e+00  3.73672082e-01  9.27174655e-01  7.57424706e-02  1.44523280e-02  1.55487659e-02 
 4.70237626e-01  4.70237626e-01  5.00000000e+00  4.27600852e+00  4.27387025e+00 -3.49634659e+00  4.05115247e-01  9.58545852e-01  6.93676426e-02  1.43366418e-02  1.55722319e-02 
 4.70237917e-01  4.70237917e-01  5.00000000e+00  4.27580444e+00  4.27389577e+00 -3.49214844e+00  3.74368620e-01  9.27710223e-01  7.35419319e-02  1.44502097e-02  1.55568737e-02 
 4.70238324e-01  4.70238324e-01  5.00000000e+00  4.27600968e+00  4.27386770e+00 -3.49670371e+00  4.05411631e-01  9.58628309e-01  6.89531363e-02  1.43360020e-02  1.55737668e-02 
 4.70238971e-01  4.70238971e-01  5.00000000e+00  4.27580661e+00  4.27389554e+00 -3.49209976e+00  3.74697335e-01  9.27716080e-01  7.35039959e-02  1.44489959e-02  1.55570147e-02 
 4.70240264e-01  4.70240264e-01  5.00000000e+00  4.27601340e+00  4.27386776e+00 -3.49653559e+00  4.05974218e-01  9.58597138e-01  6.89619605e-02  1.43339390e-02  1.55737341e-02 
 4.70242849e-01  4.70242849e-01  5.00000000e+00  4.27581418e+00  4.27389553e+00 -3.49178223e+00  3.75841118e-01  9.27672493e-01  7.35029272e-02  1.44447709e-02  1.55570186e-02 
 4.70248020e-01  4.70248020e-01  5.00000000e+00  4.27602847e+00  4.27386778e+00 -3.49589495e+00  4.08252639e-01  9.58501394e-01  6.89654297e-02  1.43255901e-02  1.55737214e-02 
 4.70258362e-01  4.70258362e-01  5.00000000e+00  4.27584434e+00  4.27389556e+00 -3.49050346e+00  3.80399922e-01  9.27485272e-01  7.35074392e-02  1.44279358e-02  1.55570020e-02 
 4.70279046e-01  4.70279046e-01  5.00000000e+00  4.27608876e+00  4.27386784e+00 -3.49333657e+00  4.17359307e-01  9.58125230e-01  6.89756122e-02  1.42922328e-02  1.55736839e-02 
 4.70320414e-01  4.70320414e-01  5.00000000e+00  4.27596488e+00  4.27389568e+00 -3.48538851e+00  3.98578895e-01  9.26735389e-01  7.35272869e-02  1.43608530e-02  1.55569290e-02 
 4.70403150e-01  4.70403150e-01  5.00000000e+00  4.27632960e+00  4.27386808e+00 -3.48311135e+00  4.53575649e-01  9.56630570e-01  6.90157358e-02  1.41597691e-02  1.55735361e-02 
 4.70568622e-01  4.70568622e-01  5.00000000e+00  4.27644559e+00  4.27389617e+00 -3.46495800e+00  4.70451466e-01  9.23768690e-01  7.36080254e-02  1.40964167e-02  1.55566320e-02 
 4.70899565e-01  4.70899565e-01  5.00000000e+00  4.27728728e+00  4.27386909e+00 -3.44232951e+00  5.95110292e-01  9.50785192e-01  6.91796479e-02  1.36450761e-02  1.55729324e-02 
 4.71561453e-01  4.71561453e-01  5.00000000e+00  4.27834561e+00  4.27389824e+00 -3.38371012e+00  7.44922853e-01  9.12421507e-01  7.39453663e-02  1.30980194e-02  1.55553909e-02 
 4.72561453e-01  4.72561453e-01  5.00000000e+00  4.28045476e+00  4.27387274e+00 -3.30716768e+00  1.03237006e+00  9.32669848e-01  6.97775562e-02  1.20723314e-02  1.55707305e-02 
 4.73561453e-01  4.73561453e-01  5.00000000e+00  4.28217510e+00  4.27390319e+00 -3.22226089e+00  1.23944513e+00  8.91879888e-01  7.47548072e-02  1.12954914e-02  1.55524122e-02 
 4.74561453e-01  4.74561453e-01  5.00000000e+00  4.28435023e+00  4.27387814e+00 -3.14719978e+00  1.49104052e+00  9.13528883e-01  7.06599127e-02  1.03844362e-02  1.55674822e-02 
 4.75561453e-01  4.75561453e-01  5.00000000e+00  4.28603559e+00  4.27390916e+00 -3.06374098e+00  1.66493330e+00  8.74087857e-01  7.57292599e-02  9.72936038e-03  1.55488256e-02 
 4.76561453e-01  4.76561453e-01  5.00000000e+00  4.28824520e+00  4.27388434e+00 -2.99016620e+00  1.88573398e+00  8.96952636e-01  7.16739190e-02  8.93270302e-03  1.55637495e-02 
 4.77561453e-01  4.77561453e-01  5.00000000e+00  4.28988671e+00  4.27391586e+00 -2.90813866e+00  2.03112288e+00  8.58682149e-01  7.68237851e-02  8.38340679e-03  1.55447970e-02 
 4.78561453e-01  4.78561453e-01  5.00000000e+00  4.29213608e+00  4.27389122e+00 -2.83603174e+00  2.22546544e+00  8.82597833e-01  7.27983425e-02  7.68513851e-03  1.55596103e-02 
 4.79561453e-01  4.79561453e-01  5.00000000e+00  4.29372698e+00  4.27392318e+00 -2.75541797e+00  2.34636790e+00  8.45343089e-01  7.80182622e-02  7.22668485e-03  1.55404004e-02 
 4.80561453e-01  4.80561453e-01  5.00000000e+00  4.29602236e+00  4.27389866e+00 -2.68476083e+00  2.51797720e+00  8.70167358e-01  7.40130272e-02  6.61298652e-03  1.55551389e-02 
 4.81561453e-01  4.81561453e-01  5.00000000e+00  4.29755491e+00  4.27393098e+00 -2.60554406e+00  2.61784334e+00  8.33794072e-01  7.92921632e-02  6.23253646e-03  1.55357115e-02 
 4.82561453e-01  4.82561453e-01  5.00000000e+00  4.29990350e+00  4.27390652e+00 -2.53631897e+00  2.76991887e+00  8.59404038e-01  7.52974093e-02  5.69154301e-03  1.55504111e-02 
 4.83561453e-01  4.83561453e-01  5.00000000e+00  4.30136882e+00  4.27393915e+00 -2.45848293e+00  2.85171159e+00  8.23795572e-01  8.06247449e-02  5.37806442e-03  1.55308065e-02 
 4.84561453e-01  4.84561453e-01  5.00000000e+00  4.30377883e+00  4.27391469e+00 -2.39067239e+00  2.98700167e+00  8.50085099e-01  7.66308549e-02  4.89958997e-03  1.55455026e-02 
 4.85561453e-01  4.85561453e-01  5.00000000e+00  4.30516678e+00  4.27394755e+00 -2.31420109e+00  3.05326538e+00  8.15140038e-01  8.19954238e-02  4.64360157e-03  1.55257612e-02 
 4.86561453e-01  4.86561453e-01  5.00000000e+00  4.30764761e+00  4.27392303e+00 -2.24778766e+00  3.17413090e+00  8.42017452e-01  7.79930507e-02  4.21890309e-03  1.55404884e-02 
 4.87561453e-01  4.87561453e-01  5.00000000e+00  4.30894660e+00  4.27395607e+00 -2.17266514e+00  3.22705068e+00  8.07647527e-01  8.33841835e-02  4.01225449e-03  1.55206493e-02 
 4.88561453e-01  4.88561453e-01  5.00000000e+00  4.31150894e+00  4.27393143e+00 -2.10763124e+00  3.33551975e+00  8.35033661e-01  7.93644172e-02  3.63382885e-03  1.55354404e-02 
 4.89561453e-01  4.89561453e-01  5.00000000e+00  4.31270579e+00  4.27396458e+00 -2.03384132e+00  3.37697207e+00  8.01161986e-01  8.47719916e-02  3.46951149e-03  1.55155409e-02 
 4.90561453e-01  4.90561453e-01  5.00000000e+00  4.31536177e+00  4.27393978e+00 -1.97016913e+00  3.47478709e+00  8.28988495e-01  8.07265213e-02  3.13092134e-03  1.55304266e-02 
 4.91561453e-01  4.91561453e-01  5.00000000e+00  4.31644155e+00  4.27397299e+00 -1.89769516e+00  3.50638340e+00  7.95548051e-01  8.61411990e-02  3.00290606e-03  1.55105009e-02 
 4.92561453e-01  4.92561453e-01  5.00000000e+00  4.31920485e+00  4.27394797e+00 -1.83536644e+00  3.59504134e+00  8.23755968e-01  8.20624611e-02  2.69863027e-03  1.55255092e-02 
 4.93561453e-01  4.93561453e-01  5.00000000e+00  4.32015070e+00  4.27398118e+00 -1.76419113e+00  3.61816551e+00  7.90688300e-01  8.74759002e-02  2.60172774e-03  1.55055879e-02 
 4.94561453e-01  4.94561453e-01  5.00000000e+00  4.32303675e+00  4.27395591e+00 -1.70318711e+00  3.69895260e+00  8.19226794e-01  8.33572014e-02  2.32703316e-03  1.55207434e-02 
 4.95561453e-01  4.95561453e-01  5.00000000e+00  4.32382971e+00  4.27398908e+00 -1.63329235e+00  3.71479302e+00  7.86480889e-01  8.87622299e-02  2.25677395e-03  1.55008529e-02 
 4.96561453e-01  4.96561453e-01  5.00000000e+00  4.32685574e+00  4.27396352e+00 -1.57359365e+00  3.78881445e+00  8.15306187e-01  8.45978382e-02  2.00760526e-03  1.55161768e-02 
 4.97561453e-01  4.97561453e-01  5.00000000e+00  4.32747465e+00  4.27399661e+00 -1.50496040e+00  3.79839164e+00  7.82837497e-01  8.99885810e-02  1.96013688e-03  1.54963387e-02 
 4.98561453e-01  4.98561453e-01  5.00000000e+00  4.33065985e+00  4.27397074e+00 -1.44654702e+00  3.86659713e+00  8.11911955e-01  8.57737771e-02  1.73302207e-03  1.55118484e-02 
 4.99561453e-01  4.99561453e-01  5.00000000e+00  4.33108118e+00  4.27400373e+00 -1.37915524e+00  3.87078740e+00  7.79681554e-01  9.11457288e-02  1.70502045e-03  1.54920793e-02 
 5.00561453e-01  5.00561453e-01  5.00000000e+00  4.33444674e+00  4.27397751e+00 -1.32200655e+00  3.93399310e+00  8.08972856e-01  8.68768164e-02  1.49698967e-03  1.55077883e-02 
 5.01561453e-01  5.01561453e-01  5.00000000e+00  4.33464458e+00  4.27401037e+00 -1.25583523e+00  3.93354887e+00  7.76946701e-01  9.22268585e-02  1.48558331e-03  1.54880996e-02 
 5.02561453e-01  5.02561453e-01  5.00000000e+00  4.33821375e+00  4.27398380e+00 -1.19992998e+00  3.99245617e+00  8.06427152e-01  8.79011328e-02  1.29409910e-03  1.55040181e-02 
 5.03561453e-01  5.03561453e-01  5.00000000e+00  4.33815974e+00  4.27401652e+00 -1.13495717e+00  3.98802345e+00  7.74575446e-01  9.32274966e-02  1.29680390e-03  1.54844162e-02 
 5.04561453e-01  5.04561453e-01  5.00000000e+00  4.34195777e+00  4.27398959e+00 -1.08027365e+00  4.04323513e+00  8.04221371e-01  8.88431769e-02  1.11970120e-03  1.55005507e-02 
 5.05561453e-01  5.05561453e-01  5.00000000e+00  4.34162124e+00  4.27402217e+00 -1.01647655e+00  4.03536847e+00  7.72518006e-01  9.41453580e-02  1.13436471e-03  1.54810375e-02 
 5.06561453e-01  5.06561453e-01  5.00000000e+00  4.34567528e+00  4.27399486e+00 -9.62992621e-01  4.08740260e+00  8.02309210e-01  8.97014895e-02  9.69799191e-04  1.54973915e-02 
 5.07561453e-01  5.07561453e-01  5.00000000e+00  4.34502338e+00  4.27402730e+00 -9.00347752e-01  4.07657795e+00  7.70731285e-01  9.49801218e-02  9.94552951e-04  1.54779647e-02 
 5.08561453e-01  5.08561453e-01  5.00000000e+00  4.34936231e+00  4.27399962e+00 -8.48041023e-01  4.12587977e+00  8.00650596e-01  9.04764589e-02  8.40956346e-04  1.54945391e-02 
 5.09561453e-01  5.09561453e-01  5.00000000e+00  4.34836027e+00  4.27403193e+00 -7.86524349e-01  4.11250557e+00  7.69178002e-01  9.57331587e-02  8.74175248e-04  1.54751927e-02 
 5.10561453e-01  5.10561453e-01  5.00000000e+00  4.35301439e+00  4.27400388e+00 -7.35372301e-01  4.15945770e+00  7.99210853e-01  9.11700376e-02  7.30216753e-04  1.54919863e-02 
 5.11561453e-01  5.11561453e-01  5.00000000e+00  4.35162601e+00  4.27403608e+00 -6.74959437e-01  4.14388437e+00  7.67825919e-01  9.64072292e-02  7.70484566e-04  1.54727115e-02 
 5.12561453e-01  5.12561453e-01  5.00000000e+00  4.35662663e+00  4.27400766e+00 -6.24939546e-01  4.18881563e+00  7.97959991e-01  9.17854420e-02  6.35037275e-04  1.54897213e-02 
 5.13561453e-01  5.13561453e-01  5.00000000e+00  4.35481476e+00  4.27403977e+00 -5.65605937e-01  4.17134372e+00  7.66647177e-01  9.70061742e-02  6.81117517e-04  1.54705067e-02 
 5.14561453e-01  5.14561453e-01  5.00000000e+00  4.36019369e+00  4.27401099e+00 -5.16695792e-01  4.21453663e+00  7.96872078e-01  9.23268513e-02  5.53229180e-04  1.54877286e-02 
 5.15561453e-01  5.15561453e-01  5.00000000e+00  4.35792096e+00  4.27404302e+00 -4.58416896e-01  4.19542389e+00  7.65617724e-01  9.75346160e-02  6.04040696e-04  1.54685615e-02 
 5.16561453e-01  5.16561453e-01  5.00000000e+00  4.36370992e+00  4.27401389e+00 -4.10594305e-01  4.23712117e+00  7.95924701e-01  9.27991247e-02  4.82908130e-04  1.54859904e-02 
 5.17561453e-01  5.17561453e-01  5.00000000e+00  4.36093950e+00  4.27404587e+00 -3.53345761e-01  4.21658860e+00  7.64716807e-01  9.79976824e-02  5.37504733e-04  1.54668570e-02 
 5.18561453e-01  5.18561453e-01  5.00000000e+00  4.36716941e+00  4.27401640e+00 -3.06588824e-01  4.25699872e+00  7.95098492e-01  9.32075449e-02  4.22451369e-04  1.54844873e-02 
 5.19561453e-01  5.19561453e-01  5.00000000e+00  4.36386589e+00  4.27404835e+00 -2.50346606e-01  4.23523579e+00  7.63926542e-01  9.84007663e-02  4.80005002e-04  1.54653732e-02 
 5.20561453e-01  5.20561453e-01  5.00000000e+00  4.37056614e+00  4.27401856e+00 -2.04633775e-01  4.27453776e+00  7.94376725e-01  9.35575978e-02  3.70461134e-04  1.54831990e-02 
 5.21561453e-01  5.21561453e-01  5.00000000e+00  4.36669641e+00  4.27405050e+00 -1.49374325e-01  4.25170691e+00  7.63231532e-01  9.87493237e-02  4.30248005e-04  1.54640902e-02 
 5.22561453e-01  5.22561453e-01  5.00000000e+00  4.37389416e+00  4.27402038e+00 -1.04684434e-01  4.29005443e+00  7.93744962e-01  9.38547896e-02  3.25733423e-04  1.54821053e-02 
 5.23561453e-01  5.23561453e-01  5.00000000e+00  4.36942827e+00  4.27405234e+00 -5.03847748e-02  4.26629495e+00  7.62618540e-01  9.90487124e-02  3.87122593e-04  1.54629882e-02 
 5.24561453e-01  5.24561453e-01  5.00000000e+00  4.37822393e+00  4.27402168e+00 -6.73900407e-03  4.30389826e+00  7.93229764e-01  9.40623549e-02  2.75525475e-04  1.54813308e-02 
 5.25561453e-01  5.25561453e-01  5.00000000e+00  4.37189783e+00  4.27405395e+00  4.66723925e-02  4.27931102e+00  7.62065986e-01  9.93109677e-02  3.51870183e-04  1.54620231e-02 
 5.26561453e-01  5.26561453e-01  5.00000000e+00  4.38029223e+00  4.27402321e+00  8.93743563e-02  4.31612094e+00  7.92699471e-01  9.43148966e-02  2.54350789e-04  1.54804121e-02 
 5.27561453e-01  5.27561453e-01  5.00000000e+00  4.37460874e+00  4.27405525e+00  1.41818870e-01  4.29084360e+00  7.61593266e-01  9.95214810e-02  3.16857466e-04  1.54612481e-02 
 5.28561453e-01  5.28561453e-01  5.00000000e+00  4.38342730e+00  4.27402425e+00  1.83562908e-01  4.32704429e+00  7.92271967e-01  9.44830300e-02  2.25316319e-04  1.54797934e-02 
 5.29561453e-01  5.29561453e-01  5.00000000e+00  4.37703003e+00  4.27405637e+00  2.35114206e-01  4.30114799e+00  7.61164267e-01  9.97029940e-02  2.88541489e-04  1.54605800e-02 
 5.30561453e-01  5.30561453e-01  5.00000000e+00  4.38642577e+00  4.27402509e+00  2.75915824e-01  4.33681991e+00  7.91891836e-01  9.46198429e-02  2.00653009e-04  1.54792900e-02 
 5.31561453e-01  5.31561453e-01  5.00000000e+00  4.37935922e+00  4.27405730e+00  3.26592063e-01  4.31038141e+00  7.60781008e-01  9.98536797e-02  2.63693349e-04  1.54600254e-02 
 5.32561453e-01  5.32561453e-01  5.00000000e+00  4.38933455e+00  4.27402575e+00  3.66470660e-01  4.34559597e+00  7.91554474e-01  9.47277459e-02  1.79310119e-04  1.54788930e-02 
 5.33561453e-01  5.33561453e-01  5.00000000e+00  4.38159000e+00  4.27405806e+00  4.16291330e-01  4.31868010e+00  7.60436787e-01  9.99776626e-02  2.41903663e-04  1.54595691e-02 
 5.34561453e-01  5.34561453e-01  5.00000000e+00  4.39214821e+00  4.27402627e+00  4.55266736e-01  4.35349578e+00  7.91252472e-01  9.48117243e-02  1.60827704e-04  1.54785841e-02 
 5.35561453e-01  5.35561453e-01  5.00000000e+00  4.38371997e+00  4.27405871e+00  5.04254405e-01  4.32614669e+00  7.60119929e-01  1.00083594e-01  2.22781108e-04  1.54591793e-02 
 5.36561453e-01  5.36561453e-01  5.00000000e+00  4.39483659e+00  4.27402687e+00  5.42374520e-01  4.36053826e+00  7.90939790e-01  9.49098103e-02  1.44950821e-04  1.54782231e-02 
 5.37561453e-01  5.37561453e-01  5.00000000e+00  4.38574408e+00  4.27406700e+00  5.91748017e-01  4.33012193e+00  7.58380584e-01  1.01426057e-01  2.06011696e-04  1.54542262e-02 
 5.38561453e-01  5.38561453e-01  5.00000000e+00  4.39595518e+00  4.27403321e+00  6.28691782e-01  4.36229127e+00  7.89541694e-01  9.59411466e-02  1.38815681e-04  1.54744282e-02 
 5.38686453e-01  5.38686453e-01  5.00000000e+00  4.38334355e+00  4.27432606e+00  6.81206908e-01  4.32231092e+00  7.53653894e-01  1.43268554e-01  2.26047071e-04  1.53002131e-02 
 5.38873285e-01  5.38873285e-01  5.00000000e+00  4.38217738e+00  4.27426506e+00  6.79150063e-01  4.31833001e+00  7.55510780e-01  1.33454314e-01  2.36472025e-04  1.53363361e-02 
 5.38991219e-01  5.38991219e-01  5.00000000e+00  4.38173374e+00  4.27422067e+00  6.76894081e-01  4.31678216e+00  7.57300556e-01  1.26297075e-01  2.40563021e-04  1.53626801e-02 
 5.39005081e-01  5.39005081e-01  5.00000000e+00  4.38173409e+00  4.27421392e+00  6.76381513e-01  4.31678299e+00  7.57665235e-01  1.25208003e-01  2.40559818e-04  1.53666886e-02 
 5.39032806e-01  5.39032806e-01  5.00000000e+00  4.38173462e+00  4.27420048e+00  6.75363967e-01  4.31678481e+00  7.58378523e-01  1.23037210e-01  2.40554916e-04  1.53746788e-02 
 5.39088255e-01  5.39088255e-01  5.00000000e+00  4.38208376e+00  4.27416155e+00  6.71381610e-01  4.31800488e+00  7.60874763e-01  1.16746058e-01  2.37329580e-04  1.53978352e-02 
 5.39089671e-01  5.39089671e-01  5.00000000e+00  4.38238021e+00  4.27414924e+00  6.69448583e-01  4.31903149e+00  7.61928543e-01  1.14754000e-01  2.34624946e-04  1.54051676e-02 
 5.39092502e-01  5.39092502e-01  5.00000000e+00  4.38268843e+00  4.27413512e+00  6.67282258e-01  4.32009014e+00  7.63038912e-01  1.12469565e-01  2.31845588e-04  1.54135761e-02 
 5.39098164e-01  5.39098164e-01  5.00000000e+00  4.38254563e+00  4.27413864e+00  6.68087349e-01  4.31960078e+00  7.62649678e-01  1.13038378e-01  2.33129130e-04  1.54114824e-02 
 5.39098301e-01  5.39098301e-01  5.00000000e+00  4.37774272e+00  4.27428252e+00  6.91320019e-01  4.30195400e+00  7.45009514e-01  1.36265421e-01  2.80699475e-04  1.53259893e-02 
 5.39098574e-01  5.39098574e-01  5.00000000e+00  4.27375400e+00  4.27589339e+00  9.42748446e-01  8.91203559e-02 -3.46780665e+00  3.87730848e-01  1.56423766e-02  1.44006021e-02 
 5.39098721e-01  5.39098721e-01  5.00000000e+00  4.27391492e+00  4.27587174e+00  9.39425821e-01  7.66673829e-02 -3.48024754e+00  3.84453418e-01  1.55453621e-02  1.44126604e-02 
 5.39098858e-01  5.39098858e-01  5.00000000e+00  4.27389456e+00  4.27591111e+00  9.45341910e-01  7.33414638e-02 -3.48356224e+00  3.90411421e-01  1.55576047e-02  1.43907402e-02 
 5.39098998e-01  5.39098998e-01  5.00000000e+00  4.27388741e+00  4.27587896e+00  9.40434508e-01  7.21741003e-02 -3.48471811e+00  3.85546956e-01  1.55619018e-02  1.44086376e-02 
 5.39099278e-01  5.39099278e-01  5.00000000e+00  4.27388179e+00  4.27591499e+00  9.45803567e-01  7.12539525e-02 -3.48561525e+00  3.91001882e-01  1.55652886e-02  1.43885810e-02 
 5.39099634e-01  5.39099634e-01  5.00000000e+00  4.27388176e+00  4.27588157e+00  9.40637883e-01  7.12502558e-02 -3.48558979e+00  3.85945032e-01  1.55653019e-02  1.44071844e-02 
 5.39100283e-01  5.39100283e-01  5.00000000e+00  4.27388133e+00  4.27591707e+00  9.45811515e-01  7.11791163e-02 -3.48560769e+00  3.91317393e-01  1.55655638e-02  1.43874198e-02 
 5.39101249e-01  5.39101249e-01  5.00000000e+00  4.27388186e+00  4.27588469e+00  9.40615410e-01  7.12665686e-02 -3.48544089e+00  3.86417470e-01  1.55652418e-02  1.44054454e-02 
 5.39103183e-01  5.39103183e-01  5.00000000e+00  4.27388131e+00  4.27592272e+00  9.45776611e-01  7.11766680e-02 -3.48537209e+00  3.92170968e-01  1.55655728e-02  1.43842813e-02 
 5.39107051e-01  5.39107051e-01  5.00000000e+00  4.27388188e+00  4.27589597e+00  9.40545053e-01  7.12694311e-02 -3.48496193e+00  3.88123749e-01  1.55652313e-02  1.43991641e-02 
 5.39114787e-01  5.39114787e-01  5.00000000e+00  4.27388133e+00  4.27594528e+00  9.45635829e-01  7.11799958e-02 -3.48441661e+00  3.95582167e-01  1.55655605e-02  1.43717414e-02 
 5.39130258e-01  5.39130258e-01  5.00000000e+00  4.27388193e+00  4.27594108e+00  9.40263802e-01  7.12770454e-02 -3.48305019e+00  3.94941297e-01  1.55652033e-02  1.43740735e-02 
 5.39161200e-01  5.39161200e-01  5.00000000e+00  4.27388142e+00  4.27603546e+00  9.45074047e-01  7.11948164e-02 -3.48059425e+00  4.09197366e-01  1.55655060e-02  1.43217181e-02 
 5.39223084e-01  5.39223084e-01  5.00000000e+00  4.27388211e+00  4.27612131e+00  9.39143430e-01  7.13069761e-02 -3.47540806e+00  4.22092633e-01  1.55650931e-02  1.42742591e-02 
 5.39346853e-01  5.39346853e-01  5.00000000e+00  4.27388179e+00  4.27639539e+00  9.42845838e-01  7.12549268e-02 -3.46532116e+00  4.63185285e-01  1.55652847e-02  1.41237990e-02 
 5.39594390e-01  5.39594390e-01  5.00000000e+00  4.27388285e+00  4.27683904e+00  9.34736711e-01  7.14286023e-02 -3.44490612e+00  5.28822682e-01  1.55646454e-02  1.38836079e-02 
 5.40089465e-01  5.40089465e-01  5.00000000e+00  4.27388331e+00  4.27782240e+00  9.34227211e-01  7.15035122e-02 -3.40449409e+00  6.71765399e-01  1.55643696e-02  1.33656747e-02 
 5.41079615e-01  5.41079615e-01  5.00000000e+00  4.27388602e+00  4.27965959e+00  9.18247623e-01  7.19458787e-02 -3.32395659e+00  9.27256199e-01  1.55627413e-02  1.24492413e-02 
 5.42079615e-01  5.42079615e-01  5.00000000e+00  4.27388800e+00  4.28163234e+00  9.13273641e-01  7.22703644e-02 -3.24351859e+00  1.17670804e+00  1.55615469e-02  1.15350270e-02 
 5.43079615e-01  5.43079615e-01  5.00000000e+00  4.27389131e+00  4.28353425e+00  8.98628982e-01  7.28105492e-02 -3.16364011e+00  1.39809049e+00  1.55595585e-02  1.07172633e-02 
 5.44079615e-01  5.44079615e-01  5.00000000e+00  4.27389378e+00  4.28551503e+00  8.95022819e-01  7.32134739e-02 -3.08466703e+00  1.61345606e+00  1.55580753e-02  9.92715485e-03 
 5.45079615e-01  5.45079615e-01  5.00000000e+00  4.27389743e+00  4.28740794e+00  8.81639418e-01  7.38112743e-02 -3.00626011e+00  1.80323392e+00  1.55558748e-02  9.22659219e-03 
 5.46079615e-01  5.46079615e-01  5.00000000e+00  4.27390030e+00  4.28939211e+00  8.79219095e-01  7.42802566e-02 -2.92873602e+00  1.98931824e+00  1.55541484e-02  8.54525977e-03 
 5.47079615e-01  5.47079615e-01  5.00000000e+00  4.27390426e+00  4.29127423e+00  8.66927214e-01  7.49257298e-02 -2.85178243e+00  2.15194378e+00  1.55517725e-02  7.94553097e-03 
 5.48079615e-01  5.48079615e-01  5.00000000e+00  4.27390747e+00  4.29326240e+00  8.65534720e-01  7.54506787e-02 -2.77568944e+00  2.31287280e+00  1.55498401e-02  7.35765990e-03 
 5.49079615e-01  5.49079615e-01  5.00000000e+00  4.27391165e+00  4.29513214e+00  8.54187591e-01  7.61338098e-02 -2.70017139e+00  2.45216995e+00  1.55473255e-02  6.84455511e-03 
 5.50079615e-01  5.50079615e-01  5.00000000e+00  4.27391515e+00  4.29712505e+00  8.53686146e-01  7.67043298e-02 -2.62549225e+00  2.59148725e+00  1.55452254e-02  6.33698254e-03 
 5.51079615e-01  5.51079615e-01  5.00000000e+00  4.27391950e+00  4.29898058e+00  8.43156767e-01  7.74149665e-02 -2.55139242e+00  2.71074030e+00  1.55426096e-02  5.89829512e-03 
 5.52079615e-01  5.52079615e-01  5.00000000e+00  4.27392321e+00  4.30097908e+00  8.43427873e-01  7.80205094e-02 -2.47811037e+00  2.83148934e+00  1.55403805e-02  5.45971646e-03 
 5.53079615e-01  5.53079615e-01  5.00000000e+00  4.27392767e+00  4.30281832e+00  8.33606275e-01  7.87485334e-02 -2.40541174e+00  2.93351916e+00  1.55377007e-02  5.08496064e-03 
 5.54079615e-01  5.54079615e-01  5.00000000e+00  4.27393153e+00  4.30482336e+00  8.34547195e-01  7.93785910e-02 -2.33351030e+00  3.03831384e+00  1.55353814e-02  4.70566726e-03 
 5.55079615e-01  5.55079615e-01  5.00000000e+00  4.27393604e+00  4.30664393e+00  8.25338101e-01  8.01141110e-02 -2.26219593e+00  3.12554329e+00  1.55326740e-02  4.38583495e-03 
 5.56079615e-01  5.56079615e-01  5.00000000e+00  4.27393999e+00  4.30865663e+00  8.26859723e-01  8.07584244e-02 -2.19165871e+00  3.21662869e+00  1.55303023e-02  4.05748884e-03 
 5.57079615e-01  5.57079615e-01  5.00000000e+00  4.27394449e+00  4.31045580e+00  8.18180552e-01  8.14919794e-02 -2.12171157e+00  3.29113883e+00  1.55276021e-02  3.78484072e-03 
 5.58079615e-01  5.58079615e-01  5.00000000e+00  4.27394846e+00  4.31247742e+00  8.20205557e-01  8.21407513e-02 -2.05252202e+00  3.37044324e+00  1.55252139e-02  3.50028101e-03 
 5.59079615e-01  5.59079615e-01  5.00000000e+00  4.27395290e+00  4.31425211e+00  8.11984708e-01  8.28635118e-02 -1.98392477e+00  3.43402163e+00  1.55225535e-02  3.26816709e-03 
 5.60079615e-01  5.60079615e-01  5.00000000e+00  4.27395685e+00  4.31628408e+00  8.14446000e-01  8.35076106e-02 -1.91606602e+00  3.50320133e+00  1.55201825e-02  3.02124381e-03 
 5.61079615e-01  5.61079615e-01  5.00000000e+00  4.27396117e+00  4.31803079e+00  8.06621382e-01  8.42115653e-02 -1.84880081e+00  3.55738341e+00  1.55175913e-02  2.82394936e-03 
 5.62079615e-01  5.62079615e-01  5.00000000e+00  4.27396504e+00  4.32007473e+00  8.09460743e-01  8.48427071e-02 -1.78225548e+00  3.61786111e+00  1.55152681e-02  2.60938079e-03 
 5.63079615e-01  5.63079615e-01  5.00000000e+00  4.27396920e+00  4.32178952e+00  8.01978513e-01  8.55208248e-02 -1.71630387e+00  3.66396585e+00  1.55127720e-02  2.44199398e-03 
 5.64079615e-01  5.64079615e-01  5.00000000e+00  4.27397295e+00  4.32384725e+00  8.05145438e-01  8.61317234e-02 -1.65105391e+00  3.71696364e+00  1.55105232e-02  2.25524416e-03 
 5.65079615e-01  5.65079615e-01  5.00000000e+00  4.27397692e+00  4.32552569e+00  7.97958898e-01  8.67780788e-02 -1.58639668e+00  3.75612404e+00  1.55081440e-02  2.11354246e-03 
 5.66079615e-01  5.66079615e-01  5.00000000e+00  4.27398051e+00  4.32759926e+00  8.01409593e-01  8.73625544e-02 -1.52242333e+00  3.80269172e+00  1.55059926e-02  1.95071600e-03 
 5.67079615e-01  5.67079615e-01  5.00000000e+00  4.27398425e+00  4.32923642e+00  7.94478252e-01  8.79724101e-02 -1.45904045e+00  3.83588106e+00  1.55037477e-02  1.83106866e-03 
 5.68079615e-01  5.68079615e-01  5.00000000e+00  4.27398765e+00  4.33132810e+00  7.98174759e-01  8.85254512e-02 -1.39632414e+00  3.87692048e+00  1.55017120e-02  1.68882048e-03 
 5.69079615e-01  5.69079615e-01  5.00000000e+00  4.27399115e+00  4.33291851e+00  7.91463506e-01  8.90952927e-02 -1.33419473e+00  3.90497484e+00  1.54996144e-02  1.58810475e-03 
 5.70079615e-01  5.70079615e-01  5.00000000e+00  4.27399433e+00  4.33503084e+00  7.95372948e-01  8.96130694e-02 -1.27271512e+00  3.94126071e+00  1.54977085e-02  1.46356262e-03 
 5.71079615e-01  5.71079615e-01  5.00000000e+00  4.27399757e+00  4.33656847e+00  7.88851340e-01  9.01405906e-02 -1.21181752e+00  3.96489830e+00  1.54957667e-02  1.37909188e-03 
 5.72079615e-01  5.72079615e-01  5.00000000e+00  4.27400052e+00  4.33870423e+00  7.92945262e-01  9.06204202e-02 -1.15155350e+00  3.99709617e+00  1.54940005e-02  1.26978988e-03 
 5.73079615e-01  5.73079615e-01  5.00000000e+00  4.27400349e+00  4.34018250e+00  7.86586906e-01  9.11044636e-02 -1.09186531e+00  4.01693390e+00  1.54922187e-02  1.19925197e-03 
 5.74079615e-01  5.74079615e-01  5.00000000e+00  4.27400620e+00  4.34234475e+00  7.90840695e-01  9.15447350e-02 -1.03279516e+00  4.04561550e+00  1.54905981e-02  1.10307337e-03 
 5.75079615e-01  5.75079615e-01  5.00000000e+00  4.27400891e+00  4.34375654e+00  7.84622712e-01  9.19851930e-02 -9.74293353e-01  4.06218328e+00  1.54889768e-02  1.04447766e-03 
 5.76079615e-01  5.76079615e-01  5.00000000e+00  4.27401136e+00  4.34594858e+00  7.89015101e-01  9.23852568e-02 -9.16394802e-01  4.08783974e+00  1.54875042e-02  9.59605892e-04 
 5.77079615e-01  5.77079615e-01  5.00000000e+00  4.27401381e+00  4.34728628e+00  7.82917652e-01  9.27829431e-02 -8.59055871e-01  4.10159266e+00  1.54860403e-02  9.11237903e-04 
 5.78079615e-01  5.78079615e-01  5.00000000e+00  4.27401602e+00  4.34951166e+00  7.87430280e-01  9.31429792e-02 -8.02306275e-01  4.12464585e+00  1.54847150e-02  8.36114416e-04 
 5.79079615e-01  5.79079615e-01  5.00000000e+00  4.27401822e+00  4.35076720e+00  7.81436168e-01  9.34994804e-02 -7.46106392e-01  4.13597476e+00  1.54834028e-02  7.96496890e-04 
 5.80079615e-01  5.80079615e-01  5.00000000e+00  4.27402019e+00  4.35302969e+00  7.86053196e-01  9.38203526e-02 -6.90482870e-01  4.15678703e+00  1.54822217e-02  7.29784963e-04 
 5.81079615e-01  5.81079615e-01  5.00000000e+00  4.27402214e+00  4.35419465e+00  7.80147512e-01  9.41378711e-02 -6.35398042e-01  4.16602752e+00  1.54810529e-02  6.97644554e-04 
 5.82079615e-01  5.82079615e-01  5.00000000e+00  4.27402388e+00  4.35649821e+00  7.84855291e-01  9.44209795e-02 -5.80877629e-01  4.18491005e+00  1.54800108e-02  6.38198143e-04 
 5.83079615e-01  5.83079615e-01  5.00000000e+00  4.27402561e+00  4.35756392e+00  7.79025109e-01  9.47021772e-02 -5.26883858e-01  4.19235024e+00  1.54789757e-02  6.12436880e-04 
 5.84079615e-01  5.84079615e-01  5.00000000e+00  4.27402713e+00  4.35991262e+00  7.83811887e-01  9.49493169e-02 -4.73443651e-01  4.20957027e+00  1.54780660e-02  5.59273831e-04 
 5.85079615e-01  5.85079615e-01  5.00000000e+00  4.27402866e+00  4.36087030e+00  7.78046006e-01  9.51971674e-02 -4.20517080e-01  4.21545747e+00  1.54771537e-02  5.38944717e-04 
 5.86079615e-01  5.86079615e-01  5.00000000e+00  4.27402997e+00  4.36326833e+00  7.82901671e-01  9.54103996e-02 -3.68134359e-01  4.23124445e+00  1.54763688e-02  4.91223687e-04 
 5.87079615e-01  5.87079615e-01  5.00000000e+00  4.27403131e+00  4.36410925e+00  7.77190384e-01  9.56280556e-02 -3.16251401e-01  4.23579094e+00  1.54755676e-02  4.75509837e-04 
 5.88079615e-01  5.88079615e-01  5.00000000e+00  4.27403242e+00  4.36656076e+00  7.82106245e-01  9.58095966e-02 -2.64903739e-01  4.25034183e+00  1.54748994e-02  4.32510404e-04 
 5.89079615e-01  5.89079615e-01  5.00000000e+00  4.27403360e+00  4.36727642e+00  7.76441148e-01  9.60002738e-02 -2.14041187e-01  4.25372976e+00  1.54741975e-02  4.20707232e-04 
 5.90079615e-01  5.90079615e-01  5.00000000e+00  4.27403453e+00  4.36978549e+00  7.81409735e-01  9.61524028e-02 -1.63706532e-01  4.26721365e+00  1.54736375e-02  3.81812724e-04 
 5.91079615e-01  5.91079615e-01  5.00000000e+00  4.27403556e+00  4.37036781e+00  7.75783557e-01  9.63192853e-02 -1.13841647e-01  4.26959931e+00  1.54730233e-02  3.73312712e-04 
 5.92079615e-01  5.92079615e-01  5.00000000e+00  4.27403633e+00  4.37293838e+00  7.80798455e-01  9.64442719e-02 -6.44983875e-02  4.28216132e+00  1.54725632e-02  3.37995388e-04 
 5.93079615e-01  5.93079615e-01  5.00000000e+00  4.27403723e+00  4.37337987e+00  7.75204915e-01  9.65904362e-02 -1.56089643e-02  4.28367881e+00  1.54720252e-02  3.32275074e-04 
 5.94079615e-01  5.94079615e-01  5.00000000e+00  4.27403784e+00  4.37601558e+00  7.80260611e-01  9.66904863e-02  3.27640246e-02  4.29544346e+00  1.54716569e-02  3.00083316e-04 
 5.95079615e-01  5.95079615e-01  5.00000000e+00  4.27403863e+00  4.37630954e+00  7.74694291e-01  9.68188446e-02  8.06996119e-02  4.29620787e+00  1.54711844e-02  2.96692146e-04 
 5.96079615e-01  5.96079615e-01  5.00000000e+00  4.27403911e+00  4.37901372e+00  7.79786049e-01  9.68960627e-02  1.28122943e-01  4.30728203e+00  1.54709002e-02  2.67239391e-04 
 5.97079615e-01  5.97079615e-01  5.00000000e+00  4.27403981e+00  4.37915437e+00  7.74242288e-01  9.70093233e-02  1.75125710e-01  4.30739209e+00  1.54704833e-02  2.65790145e-04 
 5.98079615e-01  5.98079615e-01  5.00000000e+00  4.27404015e+00  4.38192992e+00  7.79366031e-01  9.70656887e-02  2.21619472e-01  4.31786748e+00  1.54702758e-02  2.38745334e-04 
 5.99079615e-01  5.99079615e-01  5.00000000e+00  4.27404077e+00  4.38191253e+00  7.73840830e-01  9.71663313e-02  2.67709811e-01  4.31740796e+00  1.54699053e-02  2.38905880e-04 
 6.00079615e-01  6.00079615e-01  5.00000000e+00  4.27404100e+00  4.38476188e+00  7.78993041e-01  9.72036891e-02  3.13293568e-01  4.32736329e+00  1.54697678e-02  2.13985246e-04 
 6.01079615e-01  6.01079615e-01  5.00000000e+00  4.27404156e+00  4.38458285e+00  7.73482947e-01  9.72939761e-02  3.58491267e-01  4.32640691e+00  1.54694355e-02  2.15471556e-04 
 6.02079615e-01  6.02079615e-01  5.00000000e+00  4.27404168e+00  4.38750776e+00  7.78660416e-01  9.73141712e-02  4.03184192e-01  4.33590937e+00  1.54693612e-02  1.92432382e-04 
 6.03079615e-01  6.03079615e-01  5.00000000e+00  4.27404219e+00  4.38716394e+00  7.73161547e-01  9.73968923e-02  4.47509148e-01  4.33451654e+00  1.54690567e-02  1.95007451e-04 
 6.04079615e-01  6.04079615e-01  5.00000000e+00  4.27404225e+00  4.39016168e+00  7.78356193e-01  9.74060095e-02  4.91334082e-01  4.34361204e+00  1.54690231e-02  1.73666656e-04 
 6.05079615e-01  6.05079615e-01  5.00000000e+00  4.27404287e+00  4.38962879e+00  7.72837737e-01  9.75066256e-02  5.34827645e-01  4.34177272e+00  1.54686527e-02  1.77281819e-04 
 6.06079615e-01  6.06079615e-01  5.00000000e+00  4.27404460e+00  4.39256455e+00  7.77714176e-01  9.77889802e-02  5.78079272e-01  4.34983444e+00  1.54676134e-02  1.58259675e-04 
 6.07079615e-01  6.07079615e-01  5.00000000e+00  4.27405560e+00  4.39023378e+00  7.70299274e-01  9.95749037e-02  6.22391867e-01  4.34349753e+00  1.54610402e-02  1.73183232e-04 
 6.07204615e-01  6.07204615e-01  5.00000000e+00  4.27405801e+00  4.39097869e+00  7.72525210e-01  9.99662047e-02  6.28062636e-01  4.34554708e+00  1.54596003e-02  1.68266677e-04 
 6.07454615e-01  6.07454615e-01  5.00000000e+00  4.27406888e+00  4.39010672e+00  7.70810868e-01  1.01731349e-01  6.40368966e-01  4.34311808e+00  1.54531021e-02  1.74036078e-04 
 6.07459002e-01  6.07459002e-01  5.00000000e+00  4.27432450e+00  4.38422276e+00  7.53070897e-01  1.43018209e-01  6.81837810e-01  4.32522986e+00  1.53011344e-02  2.18492315e-04 
 6.07467775e-01  6.07467775e-01  5.00000000e+00  4.27430811e+00  4.38466820e+00  7.54806795e-01  1.40382368e-01  6.79566154e-01  4.32668257e+00  1.53108361e-02  2.14761664e-04 
 6.07472390e-01  6.07472390e-01  5.00000000e+00  4.27432084e+00  4.38410581e+00  7.53118582e-01  1.42430586e-01  6.81805951e-01  4.32484553e+00  1.53032973e-02  2.19482499e-04 
 6.07476865e-01  6.07476865e-01  5.00000000e+00  4.27430455e+00  4.38462618e+00  7.54963025e-01  1.39810976e-01  6.79372113e-01  4.32654626e+00  1.53129392e-02  2.15110878e-04 
 6.07485815e-01  6.07485815e-01  5.00000000e+00  4.27431721e+00  4.38398848e+00  7.53162723e-01  1.41846925e-01  6.81779602e-01  4.32445880e+00  1.53054455e-02  2.20480370e-04 
 6.07498411e-01  6.07498411e-01  5.00000000e+00  4.27429729e+00  4.38448639e+00  7.55197428e-01  1.38642947e-01  6.79098567e-01  4.32609175e+00  1.53172383e-02  2.16276578e-04 
 6.07516886e-01  6.07516886e-01  5.00000000e+00  4.27430783e+00  4.38375804e+00  7.53387283e-01  1.40338175e-01  6.81560816e-01  4.32369562e+00  1.53109987e-02  2.22453469e-04 
 6.07548639e-01  6.07548639e-01  5.00000000e+00  4.27428046e+00  4.38416590e+00  7.55728454e-01  1.35934553e-01  6.78475704e-01  4.32504323e+00  1.53272071e-02  2.18973149e-04 
 6.07607366e-01  6.07607366e-01  5.00000000e+00  4.27427964e+00  4.38315705e+00  7.54212279e-01  1.35801198e-01  6.80781310e-01  4.32172823e+00  1.53276979e-02  2.27682886e-04 
 6.07724819e-01  6.07724819e-01  5.00000000e+00  4.27421123e+00  4.38348431e+00  7.58590850e-01  1.24773789e-01  6.74635716e-01  4.32278289e+00  1.53682868e-02  2.24820181e-04 
 6.07754182e-01  6.07754182e-01  5.00000000e+00  4.27421289e+00  4.38299383e+00  7.57708682e-01  1.25040927e-01  6.76124139e-01  4.32113206e+00  1.53673039e-02  2.29124178e-04 
 6.07812908e-01  6.07812908e-01  5.00000000e+00  4.27418029e+00  4.38312102e+00  7.59585121e-01  1.19775673e-01  6.73302848e-01  4.32156188e+00  1.53866840e-02  2.28000209e-04 
 6.07864269e-01  6.07864269e-01  5.00000000e+00  4.27594854e+00  4.27388256e+00 -3.48788202e+00  3.96068811e-01  9.42817136e-01  7.13898491e-02  1.43699272e-02  1.55648251e-02 
 6.07901308e-01  6.07901308e-01  5.00000000e+00  4.27602184e+00  4.27388080e+00 -3.48513951e+00  4.07122573e-01  9.42562602e-01  7.10924231e-02  1.43292603e-02  1.55658829e-02 
 6.07936191e-01  6.07936191e-01  5.00000000e+00  4.27608840e+00  4.27388273e+00 -3.48196175e+00  4.17130836e-01  9.41949442e-01  7.14081659e-02  1.42924354e-02  1.55647206e-02 
 6.07979096e-01  6.07979096e-01  5.00000000e+00  4.27617310e+00  4.27388099e+00 -3.47872803e+00  4.29832409e-01  9.41625091e-01  7.11230123e-02  1.42457063e-02  1.55657703e-02 
 6.08064907e-01  6.08064907e-01  5.00000000e+00  4.27633814e+00  4.27388295e+00 -3.47137399e+00  4.54539973e-01  9.40406442e-01  7.14437020e-02  1.41550974e-02  1.55645898e-02 
 6.08236528e-01  6.08236528e-01  5.00000000e+00  4.27667146e+00  4.27388150e+00 -3.45756194e+00  5.04047161e-01  9.38559679e-01  7.12066097e-02  1.39738529e-02  1.55654626e-02 
 6.08579770e-01  6.08579770e-01  5.00000000e+00  4.27733105e+00  4.27388399e+00 -3.42912622e+00  6.00606282e-01  9.34372890e-01  7.16141595e-02  1.36220045e-02  1.55639624e-02 
 6.09266255e-01  6.09266255e-01  5.00000000e+00  4.27864109e+00  4.27388365e+00 -3.37340420e+00  7.86984884e-01  9.26859365e-01  7.15592111e-02  1.29492413e-02  1.55641646e-02 
 6.10266255e-01  6.10266255e-01  5.00000000e+00  4.28061648e+00  4.27388815e+00 -3.29208216e+00  1.04141548e+00  9.16086769e-01  7.22937930e-02  1.19970883e-02  1.55614606e-02 
 6.11266255e-01  6.11266255e-01  5.00000000e+00  4.28248917e+00  4.27388854e+00 -3.21221024e+00  1.27780342e+00  9.06458685e-01  7.23577151e-02  1.11591657e-02  1.55612253e-02 
 6.12266255e-01  6.12266255e-01  5.00000000e+00  4.28449785e+00  4.27389382e+00 -3.13231129e+00  1.49666844e+00  8.97092230e-01  7.32212623e-02  1.03253378e-02  1.55580465e-02 
 6.13266255e-01  6.13266255e-01  5.00000000e+00  4.28636807e+00  4.27389432e+00 -3.05395914e+00  1.70010803e+00  8.88786771e-01  7.33032413e-02  9.60509408e-03  1.55577448e-02 
 6.14266255e-01  6.14266255e-01  5.00000000e+00  4.28837286e+00  4.27390030e+00 -2.97547056e+00  1.88842707e+00  8.80643807e-01  7.42800802e-02  8.88872531e-03  1.55541490e-02 
 6.15266255e-01  6.15266255e-01  5.00000000e+00  4.29024031e+00  4.27390082e+00 -2.89862526e+00  2.06356178e+00  8.73484420e-01  7.43647580e-02  8.26957773e-03  1.55538373e-02 
 6.16266255e-01  6.16266255e-01  5.00000000e+00  4.29224070e+00  4.27390747e+00 -2.82152301e+00  2.22563774e+00  8.66400349e-01  7.54508177e-02  7.65411672e-03  1.55498395e-02 
 6.17266255e-01  6.17266255e-01  5.00000000e+00  4.29410505e+00  4.27390791e+00 -2.74617270e+00  2.37645567e+00  8.60234347e-01  7.55221369e-02  7.12181965e-03  1.55495769e-02 
 6.18266255e-01  6.18266255e-01  5.00000000e+00  4.29610045e+00  4.27391520e+00 -2.67043312e+00  2.51598417e+00  8.54066807e-01  7.67133387e-02  6.59305020e-03  1.55451921e-02 
 6.19266255e-01  6.19266255e-01  5.00000000e+00  4.29796133e+00  4.27391546e+00 -2.59656674e+00  2.64591054e+00  8.48762011e-01  7.67547622e-02  6.13536822e-03  1.55450396e-02 
 6.20266255e-01  6.20266255e-01  5.00000000e+00  4.29995109e+00  4.27392337e+00 -2.52216645e+00  2.76606571e+00  8.43387783e-01  7.80470667e-02  5.68107980e-03  1.55402826e-02 
 6.21266255e-01  6.21266255e-01  5.00000000e+00  4.30180806e+00  4.27392334e+00 -2.44977349e+00  2.87804232e+00  8.38829674e-01  7.80418675e-02  5.28750390e-03  1.55403018e-02 
 6.22266255e-01  6.22266255e-01  5.00000000e+00  4.30379141e+00  4.27393185e+00 -2.37668934e+00  2.98155038e+00  8.34142043e-01  7.94313210e-02  4.89720834e-03  1.55351872e-02 
 6.23266255e-01  6.23266255e-01  5.00000000e+00  4.30564399e+00  4.27393144e+00 -2.30575944e+00  3.07810386e+00  8.30231327e-01  7.93629246e-02  4.55871206e-03  1.55354389e-02 
 6.24266255e-01  6.24266255e-01  5.00000000e+00  4.30762006e+00  4.27394052e+00 -2.23396851e+00  3.16730641e+00  8.26137831e-01  8.08456984e-02  4.22340024e-03  1.55299808e-02 
 6.25266255e-01  6.25266255e-01  5.00000000e+00  4.30946768e+00  4.27393962e+00 -2.16449110e+00  3.25060685e+00  8.22788367e-01  8.06980647e-02  3.93223030e-03  1.55305243e-02 
 6.26266255e-01  6.26266255e-01  5.00000000e+00  4.31143549e+00  4.27394926e+00 -2.09397062e+00  3.32751518e+00  8.19208868e-01  8.22704789e-02  3.64416311e-03  1.55247362e-02 
 6.27266255e-01  6.27266255e-01  5.00000000e+00  4.31327753e+00  4.27394778e+00 -2.02593452e+00  3.39942649e+00  8.16345897e-01  8.20285040e-02  3.39365953e-03  1.55256270e-02 
 6.28266255e-01  6.28266255e-01  5.00000000e+00  4.31523595e+00  4.27395795e+00 -1.95666190e+00  3.46576823e+00  8.13210930e-01  8.36870334e-02  3.14618837e-03  1.55195219e-02 
 6.29266255e-01  6.29266255e-01  5.00000000e+00  4.31707169e+00  4.27395580e+00 -1.89005494e+00  3.52789140e+00  8.10769558e-01  8.33369472e-02  2.93063002e-03  1.55208106e-02 
 6.30266255e-01  6.30266255e-01  5.00000000e+00  4.31901946e+00  4.27396648e+00 -1.82200778e+00  3.58515057e+00  8.08018912e-01  8.50782074e-02  2.71804268e-03  1.55144010e-02 
 6.31266255e-01  6.31266255e-01  5.00000000e+00  4.32084809e+00  4.27396360e+00 -1.75681642e+00  3.63886076e+00  8.05942804e-01  8.46079452e-02  2.53251464e-03  1.55161321e-02 
 6.32266255e-01  6.32266255e-01  5.00000000e+00  4.32278379e+00  4.27397477e+00 -1.68997255e+00  3.68831218e+00  8.03524293e-01  8.64286615e-02  2.34990298e-03  1.55094300e-02 
 6.33266255e-01  6.33266255e-01  5.00000000e+00  4.32460440e+00  4.27397109e+00 -1.62618157e+00  3.73479063e+00  8.01764548e-01  8.58281824e-02  2.19018265e-03  1.55116405e-02 
 6.34266255e-01  6.34266255e-01  5.00000000e+00  4.32652644e+00  4.27398273e+00 -1.56051914e+00  3.77752944e+00  7.99632954e-01  8.77251447e-02  2.03332899e-03  1.55046577e-02 
 6.35266255e-01  6.35266255e-01  5.00000000e+00  4.32833800e+00  4.27397820e+00 -1.49811143e+00  3.81779083e+00  7.98147133e-01  8.69866756e-02  1.89578833e-03  1.55073762e-02 
 6.36266255e-01  6.36266255e-01  5.00000000e+00  4.33024462e+00  4.27399030e+00 -1.43360893e+00  3.85475781e+00  7.96263287e-01  8.89566881e-02  1.76106788e-03  1.55001245e-02 
 6.37266255e-01  6.37266255e-01  5.00000000e+00  4.33204602e+00  4.27398488e+00 -1.37256534e+00  3.88967375e+00  7.95014567e-01  8.80748742e-02  1.64258949e-03  1.55033707e-02 
 6.38266255e-01  6.38266255e-01  5.00000000e+00  4.33393527e+00  4.27399741e+00 -1.30920169e+00  3.92167712e+00  7.93344556e-01  9.01147049e-02  1.52688667e-03  1.54958619e-02 
 6.39266255e-01  6.39266255e-01  5.00000000e+00  4.33572526e+00  4.27399109e+00 -1.24950100e+00  3.95199633e+00  7.92300997e-01  8.90866575e-02  1.42479173e-03  1.54996465e-02 
 6.40266255e-01  6.40266255e-01  5.00000000e+00  4.33759503e+00  4.27400404e+00 -1.18725562e+00  3.97973041e+00  7.90815467e-01  9.11929959e-02  1.32542833e-03  1.54918927e-02 
 6.41266255e-01  6.41266255e-01  5.00000000e+00  4.33937225e+00  4.27399682e+00 -1.12887463e+00  4.00609603e+00  7.89949378e-01  9.00182348e-02  1.23741474e-03  1.54962176e-02 
 6.42266255e-01  6.42266255e-01  5.00000000e+00  4.34122025e+00  4.27401015e+00 -1.06772744e+00  4.03015727e+00  7.88622936e-01  9.21876629e-02  1.15208821e-03  1.54882314e-02 
 6.43266255e-01  6.43266255e-01  5.00000000e+00  4.34298322e+00  4.27400204e+00 -1.01064111e+00  4.05312173e+00  7.87910314e-01  9.08679605e-02  1.07617751e-03  1.54930899e-02 
 6.44266255e-01  6.44266255e-01  5.00000000e+00  4.34480700e+00  4.27401574e+00 -9.50572610e-01  4.07402249e+00  7.86720999e-01  9.30969414e-02  1.00290808e-03  1.54848844e-02 
 6.45266255e-01  6.45266255e-01  5.00000000e+00  4.34655415e+00  4.27400676e+00 -8.94754329e-01  4.09406029e+00  7.86141051e-01  9.16360844e-02  9.37399869e-04  1.54902627e-02 
 6.46266255e-01  6.46266255e-01  5.00000000e+00  4.34835111e+00  4.27402081e+00 -8.35745563e-01  4.11224067e+00  7.85069883e-01  9.39209690e-02  8.74485109e-04  1.54818513e-02 
 6.47266255e-01  6.47266255e-01  5.00000000e+00  4.35008078e+00  4.27401099e+00 -7.81167451e-01  4.12975931e+00  7.84604602e-01  9.23244586e-02  8.17917929e-04  1.54877290e-02 
 6.48266255e-01  6.48266255e-01  5.00000000e+00  4.35184821e+00  4.27402536e+00 -7.23200004e-01  4.14559732e+00  7.83635183e-01  9.46615090e-02  7.63893811e-04  1.54791254e-02 
 6.49266255e-01  6.49266255e-01  5.00000000e+00  4.35355866e+00  4.27401475e+00 -6.69833257e-01  4.16094675e+00  7.83268980e-01  9.29362246e-02  7.15011557e-04  1.54854773e-02 
 6.50266255e-01  6.50266255e-01  5.00000000e+00  4.35529379e+00  4.27402942e+00 -6.12889218e-01  4.17476700e+00  7.82387149e-01  9.53216504e-02  6.68619021e-04  1.54766955e-02 
 6.51266255e-01  6.51266255e-01  5.00000000e+00  4.35698323e+00  4.27401807e+00 -5.60704457e-01  4.18824771e+00  7.82106539e-01  9.34755002e-02  6.26342109e-04  1.54834925e-02 
 6.52266255e-01  6.52266255e-01  5.00000000e+00  4.35868324e+00  4.27403301e+00 -5.04766379e-01  4.20032895e+00  7.81300075e-01  9.59055044e-02  5.86498398e-04  1.54745463e-02 
 6.53266255e-01  6.53266255e-01  5.00000000e+00  4.36034986e+00  4.27402097e+00 -4.53733989e-01  4.21219891e+00  7.81093396e-01  9.39470861e-02  5.49899014e-04  1.54817568e-02 
 6.54266255e-01  6.54266255e-01  5.00000000e+00  4.36201198e+00  4.27403617e+00 -3.98784837e-01  4.22278046e+00  7.80351753e-01  9.64179140e-02  5.15673077e-04  1.54726602e-02 
 6.55266255e-01  6.55266255e-01  5.00000000e+00  4.36369986e+00  4.27402396e+00 -3.48797988e-01  4.23326411e+00  7.80210216e-01  9.44338658e-02  4.83096117e-04  1.54799633e-02 
 6.56266255e-01  6.56266255e-01  5.00000000e+00  4.36527605e+00  4.27403891e+00 -2.94898925e-01  4.24255158e+00  7.79522889e-01  9.68643808e-02  4.54535608e-04  1.54710168e-02 
 6.57266255e-01  6.57266255e-01  5.00000000e+00  4.36693512e+00  4.27402618e+00 -2.45997846e-01  4.25183554e+00  7.79436325e-01  9.47940112e-02  4.26295343e-04  1.54786377e-02 
 6.58266255e-01  6.58266255e-01  5.00000000e+00  4.36847060e+00  4.27404129e+00 -1.93062633e-01  4.26000503e+00  7.78797091e-01  9.72502157e-02  4.01724755e-04  1.54695966e-02 
 6.59266255e-01  6.59266255e-01  5.00000000e+00  4.37009916e+00  4.27402807e+00 -1.45219124e-01  4.26825245e+00  7.78757982e-01  9.51020385e-02  3.77210479e-04  1.54775038e-02 
 6.60266255e-01  6.60266255e-01  5.00000000e+00  4.37159162e+00  4.27404332e+00 -9.32311764e-02  4.27545532e+00  7.78160094e-01  9.75810458e-02  3.56060678e-04  1.54683788e-02 
 6.61266255e-01  6.61266255e-01  5.00000000e+00  4.37318808e+00  4.27402968e+00 -4.64178689e-02  4.28280620e+00  7.78161957e-01  9.53631744e-02  3.34748053e-04  1.54765426e-02 
 6.62266255e-01  6.62266255e-01  5.00000000e+00  4.37463546e+00  4.27404506e+00  4.63922731e-03  4.28917234e+00  7.77599606e-01  9.78623534e-02  3.16530293e-04  1.54673434e-02 
 6.63266255e-01  6.63266255e-01  5.00000000e+00  4.37619844e+00  4.27403103e+00  5.04488142e-02  4.29574681e+00  7.77636855e-01  9.55824301e-02  2.97969266e-04  1.54757355e-02 
 6.64266255e-01  6.64266255e-01  5.00000000e+00  4.37759895e+00  4.27404652e+00  1.00591306e-01  4.30138770e+00  7.77105047e-01  9.80993978e-02  2.82264077e-04  1.54664708e-02 
 6.65266255e-01  6.65266255e-01  5.00000000e+00  4.37912729e+00  4.27403215e+00  1.45422704e-01  4.30728885e+00  7.77172870e-01  9.57645249e-02  2.66068536e-04  1.54750653e-02 
 6.66266255e-01  6.66266255e-01  5.00000000e+00  4.38047947e+00  4.27404773e+00  1.94666672e-01  4.31230014e+00  7.76667312e-01  9.82971335e-02  2.52516160e-04  1.54657430e-02 
 6.67266255e-01  6.67266255e-01  5.00000000e+00  4.38197224e+00  4.27403307e+00  2.38544438e-01  4.31761643e+00  7.76761570e-01  9.59138369e-02  2.38355019e-04  1.54745157e-02 
 6.68266255e-01  6.68266255e-01  5.00000000e+00  4.38327497e+00  4.27404874e+00  2.86905793e-01  4.32208026e+00  7.76278575e-01  9.84601627e-02  2.26647167e-04  1.54651429e-02 
 6.69266255e-01  6.69266255e-01  5.00000000e+00  4.38473149e+00  4.27403381e+00  3.29853521e-01  4.32688760e+00  7.76395686e-01  9.60343951e-02  2.14236787e-04  1.54740719e-02 
 6.70266255e-01  6.70266255e-01  5.00000000e+00  4.38598392e+00  4.27404955e+00  3.77348108e-01  4.33087418e+00  7.75931956e-01  9.85928363e-02  2.04110205e-04  1.54646545e-02 
 6.71266255e-01  6.71266255e-01  5.00000000e+00  4.38740329e+00  4.27403440e+00  4.19388881e-01  4.33523629e+00  7.76068201e-01  9.61304484e-02  1.93211201e-04  1.54737183e-02 
 6.72266255e-01  6.72266255e-01  5.00000000e+00  4.38860185e+00  4.27405023e+00  4.66035865e-01  4.33879706e+00  7.75616838e-01  9.87032507e-02  1.84462218e-04  1.54642481e-02 
 6.73266255e-01  6.73266255e-01  5.00000000e+00  4.38996807e+00  4.27403497e+00  5.07205357e-01  4.34272576e+00  7.75750335e-01  9.62236462e-02  1.74971545e-04  1.54733753e-02 
 6.74266255e-01  6.74266255e-01  5.00000000e+00  4.39101623e+00  4.27405156e+00  5.53126950e-01  4.34565018e+00  7.75189558e-01  9.89191958e-02  1.68022637e-04  1.54634532e-02 
 6.75266255e-01  6.75266255e-01  5.00000000e+00  4.39185835e+00  4.27403881e+00  5.93855542e-01  4.34794715e+00  7.74777763e-01  9.68478251e-02  1.62640207e-04  1.54710778e-02 
 6.76266255e-01  6.76266255e-01  5.00000000e+00  4.38961652e+00  4.27408289e+00  6.43340114e-01  4.34172774e+00  7.70108890e-01  1.04004765e-01  1.77365941e-04  1.54447339e-02 
 6.76391255e-01  6.76391255e-01  5.00000000e+00  4.38904103e+00  4.27407899e+00  6.47956617e-01  4.34007551e+00  7.69311201e-01  1.03371161e-01  1.81356527e-04  1.54470665e-02 
 6.76422505e-01  6.76422505e-01  5.00000000e+00  4.38880731e+00  4.27408222e+00  6.49793022e-01  4.33939697e+00  7.68869561e-01  1.03895768e-01  1.83002691e-04  1.54451353e-02 
 6.76485005e-01  6.76485005e-01  5.00000000e+00  4.38826677e+00  4.27409029e+00  6.53723332e-01  4.33781262e+00  7.67814529e-01  1.05204078e-01  1.86867465e-04  1.54403193e-02 
 6.76610005e-01  6.76610005e-01  5.00000000e+00  4.38645703e+00  4.27412516e+00  6.64607046e-01  4.33234654e+00  7.63925732e-01  1.10856458e-01  2.00410610e-04  1.54195139e-02 
 6.76613737e-01  6.76613737e-01  5.00000000e+00  4.38635753e+00  4.27412767e+00  6.65169603e-01  4.33203858e+00  7.63678577e-01  1.11263143e-01  2.01183088e-04  1.54180170e-02 
 6.76621201e-01  6.76621201e-01  5.00000000e+00  4.38606866e+00  4.27413602e+00  6.66832106e-01  4.33113925e+00  7.62905670e-01  1.12613994e-01  2.03442617e-04  1.54130446e-02 
 6.76623067e-01  6.76623067e-01  5.00000000e+00  4.38596151e+00  4.27413939e+00  6.67456713e-01  4.33080424e+00  7.62604407e-01  1.13160729e-01  2.04287101e-04  1.54110322e-02 
 6.76623162e-01  6.76623162e-01  5.00000000e+00  4.38595633e+00  4.27413955e+00  6.67485964e-01  4.33078807e+00  7.62589958e-01  1.13186016e-01  2.04328072e-04  1.54109391e-02 
 6.76623352e-01  6.76623352e-01  5.00000000e+00  4.38594425e+00  4.27413992e+00  6.67553857e-01  4.33074993e+00  7.62555263e-01  1.13245977e-01  2.04423464e-04  1.54107183e-02 
 6.76623732e-01  6.76623732e-01  5.00000000e+00  4.38591707e+00  4.27414081e+00  6.67712987e-01  4.33066473e+00  7.62476995e-01  1.13389244e-01  2.04638425e-04  1.54101910e-02 
 6.76624492e-01  6.76624492e-01  5.00000000e+00  4.38585760e+00  4.27414276e+00  6.68061403e-01  4.33047819e+00  7.62304476e-01  1.13705940e-01  2.05109484e-04  1.54090253e-02 
 6.76626013e-01  6.76626013e-01  5.00000000e+00  4.38567760e+00  4.27414887e+00  6.69114044e-01  4.32991132e+00  7.61766554e-01  1.14695155e-01  2.06541898e-04  1.54053842e-02 
 6.76626106e-01  6.76626106e-01  5.00000000e+00  4.38566228e+00  4.27414940e+00  6.69203184e-01  4.32986295e+00  7.61720010e-01  1.14780405e-01  2.06664253e-04  1.54050704e-02 
 6.76626292e-01  6.76626292e-01  5.00000000e+00  4.38563000e+00  4.27415052e+00  6.69391463e-01  4.32976102e+00  7.61621747e-01  1.14960903e-01  2.06922312e-04  1.54044060e-02 
 6.76626666e-01  6.76626666e-01  5.00000000e+00  4.38555329e+00  4.27415318e+00  6.69838562e-01  4.32951858e+00  7.61386742e-01  1.15392443e-01  2.07536889e-04  1.54028176e-02 
 6.76627412e-01  6.76627412e-01  5.00000000e+00  4.38523109e+00  4.27416434e+00  6.71674368e-01  4.32849399e+00  7.60377802e-01  1.17197145e-01  2.10138413e-04  1.53961749e-02 
 6.76627598e-01  6.76627598e-01  5.00000000e+00  4.38502983e+00  4.27417114e+00  6.72781832e-01  4.32784928e+00  7.59737364e-01  1.18296840e-01  2.11779928e-04  1.53921271e-02 
 6.76627645e-01  6.76627645e-01  5.00000000e+00  4.38497841e+00  4.27417290e+00  6.73068566e-01  4.32768662e+00  7.59575790e-01  1.18581632e-01  2.12201355e-04  1.53910792e-02 
 6.76627738e-01  6.76627738e-01  5.00000000e+00  4.38485024e+00  4.27417710e+00  6.73750928e-01  4.32727197e+00  7.59163333e-01  1.19260110e-01  2.13255462e-04  1.53885816e-02 
 6.76627925e-01  6.76627925e-01  5.00000000e+00  4.38433812e+00  4.27419323e+00  6.76365768e-01  4.32560812e+00  7.57504199e-01  1.21867188e-01  2.17519974e-04  1.53789854e-02 
 6.76627971e-01  6.76627971e-01  5.00000000e+00  4.38407352e+00  4.27420116e+00  6.77647762e-01  4.32473928e+00  7.56636679e-01  1.23147244e-01  2.19756645e-04  1.53742738e-02 
 6.76628065e-01  6.76628065e-01  5.00000000e+00  4.38306034e+00  4.27422932e+00  6.82196501e-01  4.32135865e+00  7.53258954e-01  1.27692113e-01  2.28535769e-04  1.53575456e-02 
 6.76628088e-01  6.76628088e-01  5.00000000e+00  4.38245039e+00  4.27424474e+00  6.84684908e-01  4.31927647e+00  7.51177646e-01  1.30179554e-01  2.33989196e-04  1.53483900e-02 
 6.76628135e-01  6.76628135e-01  5.00000000e+00  4.27416628e+00  4.27564570e+00  9.04571060e-01  1.34034570e-01 -3.43405928e+00  3.50070208e-01  1.53950221e-02  1.45391689e-02 
 6.76628159e-01  6.76628159e-01  5.00000000e+00  4.27407319e+00  4.27608811e+00  9.71580364e-01  1.02430605e-01 -3.46566124e+00  4.17086981e-01  1.54505292e-02  1.42925968e-02 
 6.76628183e-01  6.76628183e-01  5.00000000e+00  4.27407401e+00  4.27565907e+00  9.06598878e-01  1.02563492e-01 -3.46552642e+00  3.52112768e-01  1.54500408e-02  1.45316550e-02 
 6.76628215e-01  6.76628215e-01  5.00000000e+00  4.27396863e+00  4.27609509e+00  9.72612014e-01  8.54278066e-02 -3.48265945e+00  4.18135772e-01  1.55131152e-02  1.42887393e-02 
 6.76628277e-01  6.76628277e-01  5.00000000e+00  4.27397813e+00  4.27567194e+00  9.08534451e-01  8.69749081e-02 -3.48110731e+00  3.54077096e-01  1.55074204e-02  1.45244254e-02 
 6.76628377e-01  6.76628377e-01  5.00000000e+00  4.27388533e+00  4.27610796e+00  9.74493792e-01  7.18332545e-02 -3.49624069e+00  4.20067262e-01  1.55631563e-02  1.42816323e-02 
 6.76628578e-01  6.76628578e-01  5.00000000e+00  4.27391762e+00  4.27568532e+00  9.10483920e-01  7.71074508e-02 -3.49094998e+00  3.56119043e-01  1.55437414e-02  1.45169123e-02 
 6.76628801e-01  6.76628801e-01  5.00000000e+00  4.27385485e+00  4.27611233e+00  9.75552222e-01  6.68597770e-02 -3.50117934e+00  4.21255561e-01  1.55815090e-02  1.42792148e-02 
 6.76629120e-01  6.76629120e-01  5.00000000e+00  4.27390968e+00  4.27568524e+00  9.10834005e-01  7.58208436e-02 -3.49219205e+00  3.56635152e-01  1.55485122e-02  1.45169578e-02 
 6.76629544e-01  6.76629544e-01  5.00000000e+00  4.27385349e+00  4.27611403e+00  9.75583069e-01  6.66355609e-02 -3.50134249e+00  4.21514011e-01  1.55823253e-02  1.42782802e-02 
 6.76630392e-01  6.76630392e-01  5.00000000e+00  4.27390974e+00  4.27568780e+00  9.10833115e-01  7.58314299e-02 -3.49207699e+00  3.57023656e-01  1.55484750e-02  1.45155203e-02 
 6.76632087e-01  6.76632087e-01  5.00000000e+00  4.27385352e+00  4.27611891e+00  9.75541894e-01  6.66400320e-02 -3.50112908e+00  4.22251562e-01  1.55823089e-02  1.42755878e-02 
 6.76635477e-01  6.76635477e-01  5.00000000e+00  4.27390974e+00  4.27569772e+00  9.10776526e-01  7.58311625e-02 -3.49165938e+00  3.58524273e-01  1.55484760e-02  1.45099528e-02 
 6.76642258e-01  6.76642258e-01  5.00000000e+00  4.27385354e+00  4.27613866e+00  9.75415988e-01  6.66442051e-02 -3.50028919e+00  4.25239076e-01  1.55822935e-02  1.42646876e-02 
 6.76655819e-01  6.76655819e-01  5.00000000e+00  4.27390978e+00  4.27573727e+00  9.10531234e-01  7.58372151e-02 -3.48998203e+00  3.64501853e-01  1.55484537e-02  1.44877837e-02 
 6.76682942e-01  6.76682942e-01  5.00000000e+00  4.27385363e+00  4.27621771e+00  9.74922822e-01  6.66574971e-02 -3.49693384e+00  4.37175812e-01  1.55822445e-02  1.42211577e-02 
 6.76737187e-01  6.76737187e-01  5.00000000e+00  4.27390994e+00  4.27589527e+00  9.09548920e-01  7.58632952e-02 -3.48327404e+00  3.88316110e-01  1.55483578e-02  1.43995510e-02 
 6.76845677e-01  6.76845677e-01  5.00000000e+00  4.27385395e+00  4.27653331e+00  9.72967045e-01  6.67102065e-02 -3.48352611e+00  4.84561410e-01  1.55820503e-02  1.40486858e-02 
 6.77062656e-01  6.77062656e-01  5.00000000e+00  4.27391059e+00  4.27652478e+00  9.05676073e-01  7.59696587e-02 -3.45649277e+00  4.82128167e-01  1.55479667e-02  1.40533216e-02 
 6.77496616e-01  6.77496616e-01  5.00000000e+00  4.27385527e+00  4.27778604e+00  9.65371422e-01  6.69269796e-02 -3.43009975e+00  6.68416725e-01  1.55812515e-02  1.33844746e-02 
 6.78364535e-01  6.78364535e-01  5.00000000e+00  4.27391334e+00  4.27900356e+00  8.91066049e-01  7.64194630e-02 -3.35018208e+00  8.35304978e-01  1.55463128e-02  1.27690378e-02 
 6.79364535e-01  6.79364535e-01  5.00000000e+00  4.27385952e+00  4.28136725e+00  9.45442450e-01  6.76220057e-02 -3.27856969e+00  1.14879374e+00  1.55786911e-02  1.16538562e-02 
 6.80364535e-01  6.80364535e-01  5.00000000e+00  4.27391860e+00  4.28283495e+00  8.71123237e-01  7.72786840e-02 -3.18928125e+00  1.31484352e+00  1.55431514e-02  1.10109735e-02 
 6.81364535e-01  6.81364535e-01  5.00000000e+00  4.27386505e+00  4.28528184e+00  9.26850526e-01  6.85265979e-02 -3.11917233e+00  1.59356937e+00  1.55753609e-02  1.00170601e-02 
 6.82364535e-01  6.82364535e-01  5.00000000e+00  4.27392477e+00  4.28667233e+00  8.53854023e-01  7.82866618e-02 -3.03131514e+00  1.72746491e+00  1.55394419e-02  9.49276526e-03 
 6.83364535e-01  6.83364535e-01  5.00000000e+00  4.27387136e+00  4.28919697e+00  9.10749321e-01  6.95581270e-02 -2.96270315e+00  1.97632548e+00  1.55715636e-02  8.60997539e-03 
 6.84364535e-01  6.84364535e-01  5.00000000e+00  4.27393166e+00  4.29049648e+00  8.38901643e-01  7.94105140e-02 -2.87626005e+00  2.08260101e+00  1.55353058e-02  8.18807793e-03 
 6.85364535e-01  6.85364535e-01  5.00000000e+00  4.27387832e+00  4.29311097e+00  8.96805551e-01  7.06961456e-02 -2.80912631e+00  2.30580064e+00  1.55673744e-02  7.40086539e-03 
 6.86364535e-01  6.86364535e-01  5.00000000e+00  4.27393913e+00  4.29430540e+00  8.25955680e-01  8.06300064e-02 -2.72408024e+00  2.38834975e+00  1.55308175e-02  7.06686637e-03 
 6.87364535e-01  6.87364535e-01  5.00000000e+00  4.27388581e+00  4.29702372e+00  8.84730835e-01  7.19204256e-02 -2.65840641e+00  2.58949997e+00  1.55628678e-02  6.36185787e-03 
 6.88364535e-01  6.88364535e-01  5.00000000e+00  4.27394707e+00  4.29809691e+00  8.14747486e-01  8.19245046e-02 -2.57474110e+00  2.65166613e+00  1.55260531e-02  6.10329303e-03 
 6.89364535e-01  6.89364535e-01  5.00000000e+00  4.27389370e+00  4.30093507e+00  8.74275520e-01  7.32103810e-02 -2.51050913e+00  2.83386936e+00  1.55581194e-02  5.46901291e-03 
 6.90364535e-01  6.90364535e-01  5.00000000e+00  4.27395534e+00  4.30186848e+00  8.05044386e-01  8.32732461e-02 -2.42820876e+00  2.87852359e+00  1.55210889e-02  5.27516653e-03 
 6.91364535e-01  6.91364535e-01  5.00000000e+00  4.27390187e+00  4.30484479e+00  8.65223322e-01  7.45454180e-02 -2.36540075e+00  3.04444502e+00  1.55532052e-02  4.70177051e-03 
 6.92364535e-01  6.92364535e-01  5.00000000e+00  4.27396382e+00  4.30561725e+00  7.96644734e-01  8.46557265e-02 -2.28444979e+00  3.07405259e+00  1.55160005e-02  4.56342673e-03 
 6.93364535e-01  6.93364535e-01  5.00000000e+00  4.27391020e+00  4.30875252e+00  8.57386752e-01  7.59053325e-02 -2.22304786e+00  3.22598196e+00  1.55481995e-02  4.04247331e-03 
 6.94364535e-01  6.94364535e-01  5.00000000e+00  4.27397239e+00  4.30933992e+00  7.89373689e-01  8.60521122e-02 -2.14343070e+00  3.24265964e+00  1.55108607e-02  3.95170234e-03 
 6.95364535e-01  6.95364535e-01  5.00000000e+00  4.27391856e+00  4.31265779e+00  8.50603221e-01  7.72707247e-02 -2.08341688e+00  3.38256425e+00  1.55431737e-02  3.47595661e-03 
 6.96364535e-01  6.96364535e-01  5.00000000e+00  4.27398093e+00  4.31303274e+00  7.83079607e-01  8.74436562e-02 -2.00511759e+00  3.38812956e+00  1.55057388e-02  3.42593080e-03 
 6.97364535e-01  6.97364535e-01  5.00000000e+00  4.27392685e+00  4.31655990e+00  8.44731691e-01  7.86234093e-02 -1.94647365e+00  3.51769981e+00  1.55381948e-02  2.98919614e-03 
 6.98364535e-01  6.98364535e-01  5.00000000e+00  4.27398934e+00  4.31669145e+00  7.77630945e-01  8.88130914e-02 -1.86947572e+00  3.51371327e+00  1.55006981e-02  2.97403186e-03 
 6.99364535e-01  6.99364535e-01  5.00000000e+00  4.27393496e+00  4.32045794e+00  8.39649813e-01  7.99467939e-02 -1.81218312e+00  3.63440173e+00  1.55333238e-02  2.57100553e-03 
 7.00364535e-01  7.00364535e-01  5.00000000e+00  4.27399752e+00  4.32031126e+00  7.72913588e-01  9.01449783e-02 -1.73646923e+00  3.62220311e+00  1.54957956e-02  2.58562715e-03 
 7.01364535e-01  7.01364535e-01  5.00000000e+00  4.27394280e+00  4.32435064e+00  8.35251448e-01  8.12262042e-02 -1.68050899e+00  3.73525809e+00  1.55286147e-02  2.21177631e-03 
 7.02364535e-01  7.02364535e-01  5.00000000e+00  4.27400539e+00  4.32388679e+00  7.68828557e-01  9.14259859e-02 -1.60606082e+00  3.71599761e+00  1.54910803e-02  2.25179920e-03 
 7.03364535e-01  7.03364535e-01  5.00000000e+00  4.27395030e+00  4.32823634e+00  8.31444541e-01  8.24491352e-02 -1.55141351e+00  3.82249198e+00  1.55241135e-02  1.90325461e-03 
 7.04364535e-01  7.04364535e-01  5.00000000e+00  4.27401289e+00  4.32741207e+00  7.65290014e-01  9.26450878e-02 -1.47821166e+00  3.79715698e+00  1.54865928e-02  1.96488455e-03 
 7.05364535e-01  7.05364535e-01  5.00000000e+00  4.27395739e+00  4.33211288e+00  8.28149264e-01  8.36054151e-02 -1.42485737e+00  3.89801288e+00  1.55198578e-02  1.63834909e-03 
 7.06364535e-01  7.06364535e-01  5.00000000e+00  4.27401995e+00  4.33088057e+00  7.62223538e-01  9.37936642e-02 -1.35288123e+00  3.86745082e+00  1.54823649e-02  1.71829584e-03 
 7.07364535e-01  7.07364535e-01  5.00000000e+00  4.27396403e+00  4.33597747e+00  8.25296416e-01  8.46872726e-02 -1.30079961e+00  3.96346090e+00  1.55158760e-02  1.41096588e-03 
 7.08364535e-01  7.08364535e-01  5.00000000e+00  4.27402654e+00  4.33428519e+00  7.59564633e-01  9.48655049e-02 -1.23002745e+00  3.92839905e+00  1.54784195e-02  1.50636897e-03 
 7.09364535e-01  7.09364535e-01  5.00000000e+00  4.27397017e+00  4.33982662e+00  8.22826024e-01  8.56893083e-02 -1.17919772e+00  4.02024468e+00  1.55121881e-02  1.21586653e-03 
 7.10364535e-01  7.10364535e-01  5.00000000e+00  4.27403264e+00  4.33761839e+00  7.57257420e-01  9.58567174e-02 -1.10960671e+00  3.98130703e+00  1.54747708e-02  1.32423179e-03 
 7.11364535e-01  7.11364535e-01  5.00000000e+00  4.27397581e+00  4.34365600e+00  8.20686126e-01  8.66083773e-02 -1.06000777e+00  4.06957392e+00  1.55088057e-02  1.04854589e-03 
 7.12364535e-01  7.12364535e-01  5.00000000e+00  4.27403823e+00  4.34087231e+00  7.55253516e-01  9.67655518e-02 -9.91574111e-01  4.02729572e+00  1.54714254e-02  1.16769123e-03 
 7.13364535e-01  7.13364535e-01  5.00000000e+00  4.27398094e+00  4.34746032e+00  8.18831717e-01  8.74433966e-02 -9.43184658e-01  4.11248737e+00  1.55057326e-02  9.05126877e-04 
 7.14364535e-01  7.14364535e-01  5.00000000e+00  4.27404332e+00  4.34403892e+00  7.53511053e-01  9.75921576e-02 -8.75883749e-01  4.06732764e+00  1.54683827e-02  1.03313653e-03 
 7.15364535e-01  7.15364535e-01  5.00000000e+00  4.27398556e+00  4.35123337e+00  8.17223820e-01  8.81950949e-02 -8.28682321e-01  4.14987680e+00  1.55029662e-02  7.82270207e-04 
 7.16364535e-01  7.16364535e-01  5.00000000e+00  4.27404791e+00  4.34711038e+00  7.51993824e-01  9.83382962e-02 -7.62488988e-01  4.10222908e+00  1.54656362e-02  9.17456278e-04 
 7.17364535e-01  7.17364535e-01  5.00000000e+00  4.27398967e+00  4.35496790e+00  8.15828694e-01  8.88657270e-02 -7.16454087e-01  4.18250766e+00  1.55004983e-02  6.77096802e-04 
 7.18364535e-01  7.18364535e-01  5.00000000e+00  4.27405203e+00  4.35007921e+00  7.50670551e-01  9.90070269e-02 -6.51342803e-01  4.13270927e+00  1.54631746e-02  8.17967627e-04 
 7.19364535e-01  7.19364535e-01  5.00000000e+00  4.27399331e+00  4.35865578e+00  8.14617129e-01  8.94587709e-02 -6.06452967e-01  4.21103680e+00  1.54983160e-02  5.87121505e-04 
 7.20364535e-01  7.20364535e-01  5.00000000e+00  4.27405569e+00  4.35293873e+00  7.49514242e-01  9.96023910e-02 -5.42398095e-01  4.15937683e+00  1.54609832e-02  7.32356063e-04 
 7.21364535e-01  7.21364535e-01  5.00000000e+00  4.27399651e+00  4.36228813e+00  8.13563850e-01  8.99786277e-02 -4.98631956e-01  4.23602778e+00  1.54964030e-02  5.10196680e-04 
 7.22364535e-01  7.22364535e-01  5.00000000e+00  4.27405894e+00  4.35568334e+00  7.48501638e-01  1.00129110e-01 -4.35607993e-01  4.18275398e+00  1.54590445e-02  6.58624485e-04 
 7.23364535e-01  7.23364535e-01  5.00000000e+00  4.27399885e+00  4.36803096e+00  8.12722027e-01  9.03483512e-02 -3.93025910e-01  4.25811864e+00  1.54950018e-02  4.08611509e-04 
 7.24364535e-01  7.24364535e-01  5.00000000e+00  4.27406191e+00  4.35771519e+00  7.47580931e-01  1.00612092e-01 -3.30905654e-01  4.20338885e+00  1.54572676e-02  6.08865457e-04 
 7.25364535e-01  7.25364535e-01  5.00000000e+00  4.27400117e+00  4.37191115e+00  8.11935098e-01  9.07270739e-02 -2.89435050e-01  4.27754189e+00  1.54936078e-02  3.51689048e-04 
 7.26364535e-01  7.26364535e-01  5.00000000e+00  4.27406446e+00  4.36005402e+00  7.46786171e-01  1.01025985e-01 -2.28276819e-01  4.22156774e+00  1.54557444e-02  5.56224818e-04 
 7.27364535e-01  7.27364535e-01  5.00000000e+00  4.27400314e+00  4.37576763e+00  8.11251930e-01  9.10467949e-02 -1.87887699e-01  4.29468476e+00  1.54924309e-02  3.02973851e-04 
 7.28364535e-01  7.28364535e-01  5.00000000e+00  4.27406669e+00  4.36223173e+00  7.46081353e-01  1.01388523e-01 -1.27664214e-01  4.23761883e+00  1.54544103e-02  5.11310421e-04 
 7.29364535e-01  7.29364535e-01  5.00000000e+00  4.27400478e+00  4.37957720e+00  8.10657771e-01  9.13134794e-02 -8.83388456e-02  4.30985236e+00  1.54914493e-02  2.61480432e-04 
 7.30364535e-01  7.30364535e-01  5.00000000e+00  4.27406822e+00  4.36685447e+00  7.45553381e-01  1.01623297e-01 -2.91052396e-02  4.25201983e+00  1.54534997e-02  4.27626801e-04 
 7.31364535e-01  7.31364535e-01  5.00000000e+00  4.27400613e+00  4.38351447e+00  8.10140147e-01  9.15329405e-02  9.25629467e-03  4.32349599e+00  1.54906414e-02  2.24558191e-04 
 7.32364535e-01  7.32364535e-01  5.00000000e+00  4.27406984e+00  4.36924699e+00  7.45007114e-01  1.01887046e-01  6.75946571e-02  4.26484146e+00  1.54525289e-02  3.89845362e-04 
 7.33364535e-01  7.33364535e-01  5.00000000e+00  4.27400723e+00  4.38731746e+00  8.09684794e-01  9.17129223e-02  1.04942126e-01  4.33566787e+00  1.54899789e-02  1.93853400e-04 
 7.34364535e-01  7.34364535e-01  5.00000000e+00  4.27407123e+00  4.37153593e+00  7.44519618e-01  1.02113085e-01  1.62405382e-01  4.27629053e+00  1.54516969e-02  3.56828171e-04 
 7.35364535e-01  7.35364535e-01  5.00000000e+00  4.27400811e+00  4.39106852e+00  8.09286621e-01  9.18554323e-02  1.98757205e-01  4.34656384e+00  1.54894544e-02  1.67683302e-04 
 7.36364535e-01  7.36364535e-01  5.00000000e+00  4.27407242e+00  4.37371884e+00  7.44082613e-01  1.02305925e-01  2.55367611e-01  4.28654799e+00  1.54509870e-02  3.27948861e-04 
 7.37364535e-01  7.37364535e-01  5.00000000e+00  4.27400878e+00  4.39475842e+00  8.08937617e-01  9.19651021e-02  2.90741936e-01  4.35635091e+00  1.54890507e-02  1.45389581e-04 
 7.38364535e-01  7.38364535e-01  5.00000000e+00  4.27407343e+00  4.37579827e+00  7.43688952e-01  1.02469734e-01  3.46520890e-01  4.29576856e+00  1.54503841e-02  3.02615107e-04 
 7.39364535e-01  7.39364535e-01  5.00000000e+00  4.27400928e+00  4.39837810e+00  8.08630828e-01  9.20462110e-02  3.80935582e-01  4.36517177e+00  1.54887521e-02  1.26402517e-04 
 7.40364535e-01  7.40364535e-01  5.00000000e+00  4.27407432e+00  4.37777530e+00  7.43325110e-01  1.02614651e-01  4.35909775e-01  4.30407070e+00  1.54498507e-02  2.80346110e-04 
 7.41364535e-01  7.41364535e-01  5.00000000e+00  4.27400963e+00  4.40191297e+00  8.08359512e-01  9.21033272e-02  4.69376542e-01  4.37313423e+00  1.54885419e-02  1.10255965e-04 
 7.42364535e-01  7.42364535e-01  5.00000000e+00  4.27407634e+00  4.37955603e+00  7.42759905e-01  1.02941473e-01  5.23765016e-01  4.31113422e+00  1.54486477e-02  2.61694489e-04 
 7.43364535e-01  7.43364535e-01  5.00000000e+00  4.27400997e+00  4.40515722e+00  8.08097221e-01  9.21585795e-02  5.56112525e-01  4.37990259e+00  1.54883385e-02  9.72586660e-05 
 7.44364535e-01  7.44364535e-01  5.00000000e+00  4.27417300e+00  4.37605563e+00  7.30363175e-01  1.18596960e-01  6.25110286e-01  4.29515876e+00  1.53910224e-02  2.99619054e-04 
 7.45364535e-01  7.45364535e-01  5.00000000e+00  4.27401203e+00  4.39863498e+00  8.07505993e-01  9.24928729e-02  6.41146122e-01  4.36484360e+00  1.54871080e-02  1.25153312e-04 
 7.46364535e-01  7.46364535e-01  5.00000000e+00  4.27654611e+00  4.27389997e+00 -3.44415123e+00  4.85276631e-01  9.01460190e-01  7.42292766e-02  1.40417388e-02  1.55543509e-02 
 7.47364535e-01  7.47364535e-01  5.00000000e+00  4.27900367e+00  4.27386552e+00 -3.36814914e+00  8.31676432e-01  9.62651309e-01  6.89339633e-02  1.27689820e-02  1.55750830e-02 
 7.48364535e-01  7.48364535e-01  5.00000000e+00  4.28039399e+00  4.27390416e+00 -3.28166101e+00  1.01319635e+00  8.79611537e-01  7.49104501e-02  1.21007320e-02  1.55518286e-02 
 7.49364535e-01  7.49364535e-01  5.00000000e+00  4.28293345e+00  4.27387335e+00 -3.20696511e+00  1.32127082e+00  9.42262060e-01  6.98741014e-02  1.09691211e-02  1.55703678e-02 
 7.50364535e-01  7.50364535e-01  5.00000000e+00  4.28419842e+00  4.27390905e+00 -3.12216598e+00  1.46738109e+00  8.60693837e-01  7.57122606e-02  1.04455639e-02  1.55488918e-02 
 7.51364535e-01  7.51364535e-01  5.00000000e+00  4.28686141e+00  4.27387994e+00 -3.04872979e+00  1.74251507e+00  9.24592069e-01  7.09526129e-02  9.42362531e-03  1.55663975e-02 
 7.52364535e-01  7.52364535e-01  5.00000000e+00  4.28802618e+00  4.27391465e+00 -2.96561709e+00  1.85822835e+00  8.44318582e-01  7.66265119e-02  9.00866481e-03  1.55455256e-02 
 7.53364535e-01  7.53364535e-01  5.00000000e+00  4.29079084e+00  4.27388741e+00 -2.89338240e+00  2.10505922e+00  9.09292509e-01  7.21735716e-02  8.09542168e-03  1.55619031e-02 
 7.54364535e-01  7.54364535e-01  5.00000000e+00  4.29183910e+00  4.27392079e+00 -2.81198186e+00  2.19466072e+00  8.30142629e-01  7.76294226e-02  7.77388698e-03  1.55418328e-02 
 7.55364535e-01  7.55364535e-01  5.00000000e+00  4.29472175e+00  4.27389560e+00 -2.74089313e+00  2.41716847e+00  8.96041570e-01  7.35108172e-02  6.95402145e-03  1.55569807e-02 
 7.56364535e-01  7.56364535e-01  5.00000000e+00  4.29563499e+00  4.27392735e+00 -2.66122668e+00  2.48434272e+00  8.17871232e-01  7.86989470e-02  6.71277391e-03  1.55378947e-02 
 7.57364535e-01  7.57364535e-01  5.00000000e+00  4.29865455e+00  4.27390437e+00 -2.59122657e+00  2.68594656e+00  8.84565694e-01  7.49444390e-02  5.97311610e-03  1.55517035e-02 
 7.58364535e-01  7.58364535e-01  5.00000000e+00  4.29942233e+00  4.27393468e+00 -2.51323921e+00  2.73385069e+00  8.07242103e-01  7.98928128e-02  5.79841399e-03  1.55334884e-02 
 7.59364535e-01  7.59364535e-01  5.00000000e+00  4.30258971e+00  4.27391362e+00 -2.44434897e+00  2.91749598e+00  8.74627930e-01  7.64542748e-02  5.13010414e-03  1.55461458e-02 
 7.60364535e-01  7.60364535e-01  5.00000000e+00  4.30317144e+00  4.27394190e+00 -2.36810615e+00  2.94884902e+00  7.98044943e-01  8.10701505e-02  5.01600912e-03  1.55291546e-02 
 7.61364535e-01  7.61364535e-01  5.00000000e+00  4.30652769e+00  4.27392320e+00 -2.30022720e+00  3.11705548e+00  8.66023092e-01  7.80190504e-02  4.40558920e-03  1.55403858e-02 
 7.62364535e-01  7.62364535e-01  5.00000000e+00  4.30689565e+00  4.27394921e+00 -2.22574302e+00  3.13418899e+00  7.90084142e-01  8.22616103e-02  4.34335804e-03  1.55247689e-02 
 7.63364535e-01  7.63364535e-01  5.00000000e+00  4.31046906e+00  4.27393300e+00 -2.15882863e+00  3.28912603e+00  8.58573210e-01  7.96181074e-02  3.78290097e-03  1.55344997e-02 
 7.64364535e-01  7.64364535e-01  5.00000000e+00  4.31059174e+00  4.27395649e+00 -2.08611483e+00  3.29404170e+00  7.83193640e-01  8.34492148e-02  3.76500018e-03  1.55203973e-02 
 7.65364535e-01  7.65364535e-01  5.00000000e+00  4.31441441e+00  4.27394289e+00 -2.02012104e+00  3.43757367e+00  8.52123933e-01  8.12310253e-02  3.24772370e-03  1.55285626e-02 
 7.66364535e-01  7.66364535e-01  5.00000000e+00  4.31425618e+00  4.27396365e+00 -1.94918567e+00  3.43198992e+00  7.77229422e-01  8.46165695e-02  3.26765282e-03  1.55161004e-02 
 7.67364535e-01  7.67364535e-01  5.00000000e+00  4.31836438e+00  4.27395274e+00 -1.88407210e+00  3.56571918e+00  8.46541371e-01  8.28381696e-02  2.78776151e-03  1.55226468e-02 
 7.68364535e-01  7.68364535e-01  5.00000000e+00  4.31788508e+00  4.27397060e+00 -1.81491841e+00  3.55111118e+00  7.72066573e-01  8.57491764e-02  2.83990337e-03  1.55119313e-02 
 7.69364535e-01  7.69364535e-01  5.00000000e+00  4.32231964e+00  4.27396245e+00 -1.75064898e+00  3.67641507e+00  8.41709377e-01  8.44210810e-02  2.39245317e-03  1.55168202e-02 
 7.70364535e-01  7.70364535e-01  5.00000000e+00  4.32147422e+00  4.27397727e+00 -1.68327446e+00  3.65404909e+00  7.67596757e-01  8.68346748e-02  2.47194519e-03  1.55079357e-02 
 7.71364535e-01  7.71364535e-01  5.00000000e+00  4.32628085e+00  4.27397191e+00 -1.61981798e+00  3.77211170e+00  8.37527210e-01  8.59628432e-02  2.05272719e-03  1.55111451e-02 
 7.72364535e-01  7.72364535e-01  5.00000000e+00  4.32501905e+00  4.27398358e+00 -1.55421363e+00  3.74307465e+00  7.63726022e-01  8.78629974e-02  2.15535094e-03  1.55041505e-02 
 7.73364535e-01  7.73364535e-01  5.00000000e+00  4.33024868e+00  4.27398103e+00 -1.49154427e+00  3.85491409e+00  8.33907512e-01  8.74484108e-02  1.76079152e-03  1.55056769e-02 
 7.74364535e-01  7.74364535e-01  5.00000000e+00  4.32851475e+00  4.27398950e+00 -1.42769413e+00  3.82013879e+00  7.60372920e-01  8.88264357e-02  1.88287812e-03  1.55006042e-02 
 7.75364535e-01  7.75364535e-01  5.00000000e+00  4.33422373e+00  4.27398973e+00 -1.36579163e+00  3.92663061e+00  8.30774557e-01  8.88648765e-02  1.50995291e-03  1.55004630e-02 
 7.76364535e-01  7.76364535e-01  5.00000000e+00  4.33195622e+00  4.27399498e+00 -1.30367257e+00  3.88691755e+00  7.57466856e-01  8.97196176e-02  1.64830229e-03  1.54973166e-02 
 7.77364535e-01  7.77364535e-01  5.00000000e+00  4.33820650e+00  4.27399794e+00 -1.24252227e+00  3.98881484e+00  8.28062723e-01  9.02016645e-02  1.29446182e-03  1.54955425e-02 
 7.78364535e-01  7.78364535e-01  5.00000000e+00  4.33533819e+00  4.27400002e+00 -1.18210415e+00  3.94485085e+00  7.54946673e-01  9.05394013e-02  1.44627414e-03  1.54942992e-02 
 7.79364535e-01  7.79364535e-01  5.00000000e+00  4.34219731e+00  4.27400562e+00 -1.12169677e+00  4.04280150e+00  8.25715170e-01  9.14506340e-02  1.10937913e-03  1.54909453e-02 
 7.80364535e-01  7.80364535e-01  5.00000000e+00  4.33865525e+00  4.27400460e+00 -1.06294281e+00  3.99517574e+00  7.52759406e-01  9.12846969e-02  1.27219703e-03  1.54915560e-02 
 7.81364535e-01  7.81364535e-01  5.00000000e+00  4.34619624e+00  4.27401272e+00 -1.00327413e+00  4.08973725e+00  8.23682682e-01  9.26060897e-02  9.50461482e-04  1.54866923e-02 
 7.82364535e-01  7.82364535e-01  5.00000000e+00  4.34190191e+00  4.27400873e+00 -9.46141535e-01  4.03895499e+00  7.50859206e-01  9.19562284e-02  1.12212214e-03  1.54890844e-02 
 7.83364535e-01  7.83364535e-01  5.00000000e+00  4.35020298e+00  4.27401923e+00 -8.87211814e-01  4.13060719e+00  8.21922655e-01  9.36647003e-02  8.14062812e-04  1.54827958e-02 
 7.84364535e-01  7.84364535e-01  5.00000000e+00  4.34507269e+00  4.27401241e+00 -8.31652655e-01  4.07710162e+00  7.49206403e-01  9.25562529e-02  9.92658554e-04  1.54868760e-02 
 7.85364535e-01  7.85364535e-01  5.00000000e+00  4.35421673e+00  4.27402514e+00 -7.73465975e-01  4.16625759e+00  8.20398226e-01  9.46253334e-02  6.97049442e-04  1.54792599e-02 
 7.86364535e-01  7.86364535e-01  5.00000000e+00  4.34817000e+00  4.27401615e+00 -7.19352390e-01  4.11039998e+00  7.47766409e-01  9.31643782e-02  8.80629745e-04  1.54846362e-02 
 7.87364535e-01  7.87364535e-01  5.00000000e+00  4.35823624e+00  4.27403046e+00 -6.61990372e-01  4.19741592e+00  8.19077459e-01  9.54908841e-02  5.96722519e-04  1.54760740e-02 
 7.88364535e-01  7.88364535e-01  5.00000000e+00  4.35117933e+00  4.27401912e+00 -6.09331376e-01  4.13952468e+00  7.46510287e-01  9.36464077e-02  7.83906212e-04  1.54828619e-02 
 7.89364535e-01  7.89364535e-01  5.00000000e+00  4.36225920e+00  4.27403519e+00 -5.52742195e-01  4.22470634e+00  8.17932790e-01  9.62603728e-02  5.10767694e-04  1.54732417e-02 
 7.90364535e-01  7.90364535e-01  5.00000000e+00  4.35410104e+00  4.27402172e+00 -5.01479303e-01  4.16505410e+00  7.45412145e-01  9.40695997e-02  7.00174169e-04  1.54813042e-02 
 7.91364535e-01  7.91364535e-01  5.00000000e+00  4.36635960e+00  4.27403989e+00 -4.45590652e-01  4.24867057e+00  8.16942887e-01  9.70227044e-02  4.35887224e-04  1.54704340e-02 
 7.92364535e-01  7.92364535e-01  5.00000000e+00  4.35693281e+00  4.27402399e+00 -3.95750265e-01  4.18749071e+00  7.44449732e-01  9.44388301e-02  6.27564209e-04  1.54799451e-02 
 7.93364535e-01  7.93364535e-01  5.00000000e+00  4.37040689e+00  4.27404357e+00 -3.40652153e-01  4.26976542e+00  8.16082857e-01  9.76200968e-02  3.72749166e-04  1.54682351e-02 
 7.94364535e-01  7.94364535e-01  5.00000000e+00  4.35967203e+00  4.27402596e+00 -2.92097783e-01  4.20725748e+00  7.43604226e-01  9.47588660e-02  5.64500393e-04  1.54787670e-02 
 7.95364535e-01  7.95364535e-01  5.00000000e+00  4.37445309e+00  4.27404674e+00 -2.37802146e-01  4.28838640e+00  8.15336721e-01  9.81362192e-02  3.18770008e-04  1.54663353e-02 
 7.96364535e-01  7.96364535e-01  5.00000000e+00  4.36231743e+00  4.27402766e+00 -1.90476988e-01  4.22472151e+00  7.42859273e-01  9.50345132e-02  5.09619100e-04  1.54777524e-02 
 7.97364535e-01  7.97364535e-01  5.00000000e+00  4.37849315e+00  4.27404946e+00 -1.36994942e-01  4.30487336e+00  8.14688992e-01  9.85771347e-02  2.72672434e-04  1.54647123e-02 
 7.98364535e-01  7.98364535e-01  5.00000000e+00  4.36486861e+00  4.27402911e+00 -9.08440318e-02  4.24019804e+00  7.42200812e-01  9.52704276e-02  4.61752371e-04  1.54768840e-02 
 7.99364535e-01  7.99364535e-01  5.00000000e+00  4.38252082e+00  4.27405175e+00 -3.81854109e-02  4.31951800e+00  8.14126236e-01  9.89492101e-02  2.33352918e-04  1.54633427e-02 
 8.00364535e-01  8.00364535e-01  5.00000000e+00  4.36732603e+00  4.27403034e+00  6.84383062e-03  4.25395776e+00  7.41616770e-01  9.54710155e-02  4.19901063e-04  1.54761457e-02 
 8.01364535e-01  8.01364535e-01  5.00000000e+00  4.38652861e+00  4.27405365e+00  5.86708348e-02  4.33257061e+00  8.13636789e-01  9.92589166e-02  1.99856815e-04  1.54622027e-02 
 8.02364535e-01  8.02364535e-01  5.00000000e+00  4.36969091e+00  4.27403138e+00  1.02628199e-01  4.26623299e+00  7.41096794e-01  9.56403755e-02  3.83211540e-04  1.54755223e-02 
 8.03364535e-01  8.03364535e-01  5.00000000e+00  4.39050794e+00  4.27405522e+00  1.53617295e-01  4.34424584e+00  8.13210515e-01  9.95126649e-02  1.71357273e-04  1.54612687e-02 
 8.04364535e-01  8.04364535e-01  5.00000000e+00  4.37196516e+00  4.27403226e+00  1.96549514e-01  4.27722307e+00  7.40632017e-01  9.57822662e-02  3.50955323e-04  1.54750000e-02 
 8.05364535e-01  8.05364535e-01  5.00000000e+00  4.39402212e+00  4.27405595e+00  2.46612368e-01  4.35469467e+00  8.12821133e-01  9.96321641e-02  1.49587883e-04  1.54608310e-02 
 8.06364535e-01  8.06364535e-01  5.00000000e+00  4.37414552e+00  4.27403298e+00  2.88647189e-01  4.28706985e+00  7.40215906e-01  9.58994023e-02  3.22583196e-04  1.54745688e-02 
 8.07364535e-01  8.07364535e-01  5.00000000e+00  4.39782488e+00  4.27405696e+00  3.37870643e-01  4.36410657e+00  8.12493246e-01  9.97965366e-02  1.29135240e-04  1.54602260e-02 
 8.08364535e-01  8.08364535e-01  5.00000000e+00  4.37623876e+00  4.27403357e+00  3.78959518e-01  4.29594528e+00  7.39840363e-01  9.59958535e-02  2.97505069e-04  1.54742138e-02 
 8.09364535e-01  8.09364535e-01  5.00000000e+00  4.40156227e+00  4.27405774e+00  4.27344378e-01  4.37261321e+00  8.12204929e-01  9.99237992e-02  1.11761082e-04  1.54597575e-02 
 8.10364535e-01  8.10364535e-01  5.00000000e+00  4.37823966e+00  4.27403412e+00  4.67534711e-01  4.30393983e+00  7.39481920e-01  9.60859166e-02  2.75357945e-04  1.54738823e-02 
 8.11364535e-01  8.11364535e-01  5.00000000e+00  4.40520324e+00  4.27405839e+00  5.15080852e-01  4.38028206e+00  8.11941998e-01  1.00028272e-01  9.70857761e-05  1.54593729e-02 
 8.12364535e-01  8.12364535e-01  5.00000000e+00  4.37987873e+00  4.27403675e+00  5.54741950e-01  4.31015495e+00  7.38619771e-01  9.65130927e-02  2.58449765e-04  1.54723099e-02 
 8.13364535e-01  8.13364535e-01  5.00000000e+00  4.40804228e+00  4.27406056e+00  6.01365773e-01  4.38584243e+00  8.11463070e-01  1.00380976e-01  8.69932676e-05  1.54580747e-02 
 8.13489535e-01  8.13489535e-01  5.00000000e+00  4.38279957e+00  4.27454374e+00  6.84273351e-01  4.32046966e+00  7.50735765e-01  1.78108109e-01  2.30851556e-04  1.51719839e-02 
 8.13673021e-01  8.13673021e-01  5.00000000e+00  4.38097771e+00  4.27449505e+00  6.84111268e-01  4.31412634e+00  7.51155700e-01  1.70341392e-01  2.47698505e-04  1.52005725e-02 
 8.13784744e-01  8.13784744e-01  5.00000000e+00  4.37992842e+00  4.27446565e+00  6.84043767e-01  4.31029547e+00  7.51390762e-01  1.65643220e-01  2.57953791e-04  1.52178631e-02 
 8.13889906e-01  8.13889906e-01  5.00000000e+00  4.37900396e+00  4.27443701e+00  6.83824717e-01  4.30686713e+00  7.51744150e-01  1.61065172e-01  2.67340211e-04  1.52347198e-02 
 8.14100230e-01  8.14100230e-01  5.00000000e+00  4.37732878e+00  4.27437904e+00  6.83254179e-01  4.30031769e+00  7.52569859e-01  1.51775041e-01  2.85227903e-04  1.52689037e-02 
 8.14520877e-01  8.14520877e-01  5.00000000e+00  4.37497682e+00  4.27424765e+00  6.79583514e-01  4.29063421e+00  7.56164030e-01  1.30648564e-01  3.12380167e-04  1.53466633e-02 
 8.14529918e-01  8.14529918e-01  5.00000000e+00  4.37812808e+00  4.27408276e+00  6.53297666e-01  4.30346001e+00  7.69055191e-01  1.03983607e-01  2.76548423e-04  1.54448117e-02 
 8.14547999e-01  8.14547999e-01  5.00000000e+00  4.37809149e+00  4.27407917e+00  6.53472406e-01  4.30331781e+00  7.69044425e-01  1.03400174e-01  2.76939834e-04  1.54469594e-02 
 8.14559589e-01  8.14559589e-01  5.00000000e+00  4.37793903e+00  4.27408626e+00  6.55109931e-01  4.30272458e+00  7.68540487e-01  1.04551873e-01  2.78577137e-04  1.54427201e-02 
 8.14570272e-01  8.14570272e-01  5.00000000e+00  4.37793273e+00  4.27408270e+00  6.54979717e-01  4.30269858e+00  7.68600762e-01  1.03973945e-01  2.78645003e-04  1.54448474e-02 
 8.14591638e-01  8.14591638e-01  5.00000000e+00  4.37769211e+00  4.27409146e+00  6.57294947e-01  4.30175483e+00  7.67842168e-01  1.05394064e-01  2.81249266e-04  1.54396200e-02 
 8.14613762e-01  8.14613762e-01  5.00000000e+00  4.37758502e+00  4.27409028e+00  6.58029811e-01  4.30133331e+00  7.67630424e-01  1.05202515e-01  2.82416160e-04  1.54403251e-02 
 8.14646681e-01  8.14646681e-01  5.00000000e+00  4.37715423e+00  4.27410433e+00  6.61685498e-01  4.29962140e+00  7.66274065e-01  1.07480773e-01  2.87159316e-04  1.54319392e-02 
 8.14698986e-01  8.14698986e-01  5.00000000e+00  4.37651217e+00  4.27411872e+00  6.66203616e-01  4.29703115e+00  7.64390898e-01  1.09813386e-01  2.94376903e-04  1.54233534e-02 
 8.14700279e-01  8.14700279e-01  5.00000000e+00  4.37638583e+00  4.27412469e+00  6.67224481e-01  4.29651498e+00  7.63895339e-01  1.10780286e-01  2.95818323e-04  1.54197941e-02 
 8.14702865e-01  8.14702865e-01  5.00000000e+00  4.37619641e+00  4.27413308e+00  6.68690987e-01  4.29573845e+00  7.63161590e-01  1.12138891e-01  2.97992656e-04  1.54147933e-02 
 8.14703027e-01  8.14703027e-01  5.00000000e+00  4.37619548e+00  4.27413311e+00  6.68702988e-01  4.29573567e+00  7.63161592e-01  1.12144123e-01  2.98003344e-04  1.54147744e-02 
 8.14703352e-01  8.14703352e-01  5.00000000e+00  4.37618365e+00  4.27413349e+00  6.68777826e-01  4.29568593e+00  7.63117431e-01  1.12205421e-01  2.98139716e-04  1.54145484e-02 
 8.14704001e-01  8.14704001e-01  5.00000000e+00  4.37614800e+00  4.27413496e+00  6.69042243e-01  4.29553932e+00  7.62982073e-01  1.12442762e-01  2.98550944e-04  1.54136748e-02 
 8.14705299e-01  8.14705299e-01  5.00000000e+00  4.37606567e+00  4.27413839e+00  6.69652545e-01  4.29520033e+00  7.62666092e-01  1.12998921e-01  2.99502749e-04  1.54116278e-02 
 8.14705624e-01  8.14705624e-01  5.00000000e+00  4.37604710e+00  4.27413917e+00  6.69792031e-01  4.29512443e+00  7.62596057e-01  1.13124873e-01  2.99717811e-04  1.54111644e-02 
 8.14706273e-01  8.14706273e-01  5.00000000e+00  4.37599147e+00  4.27414148e+00  6.70192051e-01  4.29489362e+00  7.62377118e-01  1.13497827e-01  3.00363119e-04  1.54097914e-02 
 8.14706435e-01  8.14706435e-01  5.00000000e+00  4.37597530e+00  4.27414219e+00  6.70313769e-01  4.29482725e+00  7.62313766e-01  1.13612780e-01  3.00550994e-04  1.54093684e-02 
 8.14706760e-01  8.14706760e-01  5.00000000e+00  4.37593515e+00  4.27414390e+00  6.70604373e-01  4.29466042e+00  7.62153005e-01  1.13889854e-01  3.01017887e-04  1.54083483e-02 
 8.14707409e-01  8.14707409e-01  5.00000000e+00  4.37582330e+00  4.27414882e+00  6.71428195e-01  4.29419701e+00  7.61702070e-01  1.14686621e-01  3.02322423e-04  1.54054158e-02 
 8.14707571e-01  8.14707571e-01  5.00000000e+00  4.37578156e+00  4.27415062e+00  6.71725925e-01  4.29402328e+00  7.61531565e-01  1.14977590e-01  3.02810702e-04  1.54043447e-02 
 8.14707896e-01  8.14707896e-01  5.00000000e+00  4.37567815e+00  4.27415512e+00  6.72467618e-01  4.29359236e+00  7.61107222e-01  1.15705761e-01  3.04023842e-04  1.54016645e-02 
 8.14707977e-01  8.14707977e-01  5.00000000e+00  4.37564383e+00  4.27415660e+00  6.72709642e-01  4.29344971e+00  7.60966260e-01  1.15944406e-01  3.04427478e-04  1.54007861e-02 
 8.14708139e-01  8.14708139e-01  5.00000000e+00  4.37556061e+00  4.27416014e+00  6.73290146e-01  4.29310072e+00  7.60620695e-01  1.16518152e-01  3.05408581e-04  1.53986742e-02 
 8.14708464e-01  8.14708464e-01  5.00000000e+00  4.37520267e+00  4.27417497e+00  6.75701079e-01  4.29159366e+00  7.59121005e-01  1.18915577e-01  3.09664433e-04  1.53898497e-02 
 8.14708545e-01  8.14708545e-01  5.00000000e+00  4.37500365e+00  4.27418288e+00  6.76982840e-01  4.29074983e+00  7.58279236e-01  1.20193965e-01  3.12056399e-04  1.53851444e-02 
 8.14708565e-01  8.14708565e-01  5.00000000e+00  4.37495420e+00  4.27418480e+00  6.77294501e-01  4.29054805e+00  7.58077984e-01  1.20504782e-01  3.12653494e-04  1.53840008e-02 
 8.14708606e-01  8.14708606e-01  5.00000000e+00  4.37483332e+00  4.27418940e+00  6.78039070e-01  4.29002235e+00  7.57553342e-01  1.21247665e-01  3.14118129e-04  1.53812659e-02 
 8.14708687e-01  8.14708687e-01  5.00000000e+00  4.37441262e+00  4.27420472e+00  6.80517196e-01  4.28821013e+00  7.55743410e-01  1.23722422e-01  3.19269182e-04  1.53721567e-02 
 8.14708707e-01  8.14708707e-01  5.00000000e+00  4.37423708e+00  4.27421086e+00  6.81508260e-01  4.28744850e+00  7.54982417e-01  1.24712645e-01  3.21443273e-04  1.53685120e-02 
 8.14708748e-01  8.14708748e-01  5.00000000e+00  4.37373921e+00  4.27422734e+00  6.84170532e-01  4.28526295e+00  7.52798200e-01  1.27373236e-01  3.27690692e-04  1.53587189e-02 
 8.14708786e-01  8.14708786e-01  5.00000000e+00  4.27433233e+00  4.27553801e+00  8.90378309e-01  1.44277104e-01 -3.38818297e+00  3.33584110e-01  1.52965009e-02  1.45998292e-02 
 8.14708813e-01  8.14708813e-01  5.00000000e+00  4.27406905e+00  4.27616617e+00  9.85581124e-01  1.01758074e-01 -3.43069978e+00  4.28795201e-01  1.54530037e-02  1.42495221e-02 
 8.14708838e-01  8.14708838e-01  5.00000000e+00  4.27408649e+00  4.27555354e+00  8.92744331e-01  1.04589060e-01 -3.42786678e+00  3.35966084e-01  1.54425852e-02  1.45910670e-02 
 8.14708868e-01  8.14708868e-01  5.00000000e+00  4.27396052e+00  4.27617218e+00  9.86463763e-01  8.41070847e-02 -3.44834623e+00  4.29694909e-01  1.55179768e-02  1.42462132e-02 
 8.14708930e-01  8.14708930e-01  5.00000000e+00  4.27398994e+00  4.27556700e+00  8.94779001e-01  8.88987079e-02 -3.44354962e+00  3.38028959e-01  1.55003391e-02  1.45834747e-02 
 8.14709029e-01  8.14709029e-01  5.00000000e+00  4.27387563e+00  4.27618483e+00  9.88308292e-01  7.02468593e-02 -3.46219336e+00  4.31588556e-01  1.55689959e-02  1.42392460e-02 
 8.14709226e-01  8.14709226e-01  5.00000000e+00  4.27392830e+00  4.27558066e+00  8.96781661e-01  7.88508147e-02 -3.45357325e+00  3.40122552e-01  1.55373241e-02  1.45757713e-02 
 8.14709448e-01  8.14709448e-01  5.00000000e+00  4.27384429e+00  4.27618568e+00  9.89374940e-01  6.51417260e-02 -3.46726420e+00  4.32783684e-01  1.55878693e-02  1.42387790e-02 
 8.14709762e-01  8.14709762e-01  5.00000000e+00  4.27391982e+00  4.27557727e+00  8.97169792e-01  7.74858305e-02 -3.45489438e+00  3.40674928e-01  1.55424145e-02  1.45776827e-02 
 8.14710181e-01  8.14710181e-01  5.00000000e+00  4.27384288e+00  4.27618723e+00  9.89398637e-01  6.49077262e-02 -3.46743819e+00  4.33032137e-01  1.55887176e-02  1.42379296e-02 
 8.14711016e-01  8.14711016e-01  5.00000000e+00  4.27391987e+00  4.27557985e+00  8.97177273e-01  7.74937714e-02 -3.45478381e+00  3.41066754e-01  1.55423879e-02  1.45762272e-02 
 8.14712687e-01  8.14712687e-01  5.00000000e+00  4.27384292e+00  4.27619200e+00  9.89353402e-01  6.49137495e-02 -3.46722712e+00  4.33754767e-01  1.55886954e-02  1.42352993e-02 
 8.14716028e-01  8.14716028e-01  5.00000000e+00  4.27391986e+00  4.27558965e+00  8.97123790e-01  7.74926886e-02 -3.45437481e+00  3.42548758e-01  1.55423918e-02  1.45707085e-02 
 8.14722710e-01  8.14722710e-01  5.00000000e+00  4.27384295e+00  4.27621147e+00  9.89228114e-01  6.49182355e-02 -3.46640249e+00  4.36699488e-01  1.55886788e-02  1.42245919e-02 
 8.14736075e-01  8.14736075e-01  5.00000000e+00  4.27391990e+00  4.27562862e+00  8.96882494e-01  7.74984461e-02 -3.45272889e+00  3.48443629e-01  1.55423706e-02  1.45487684e-02 
 8.14762804e-01  8.14762804e-01  5.00000000e+00  4.27384303e+00  4.27628936e+00  9.88741530e-01  6.49314114e-02 -3.46310953e+00  4.48469841e-01  1.55886302e-02  1.41818163e-02 
 8.14816262e-01  8.14816262e-01  5.00000000e+00  4.27392005e+00  4.27578433e+00  8.95913966e-01  7.75240651e-02 -3.44614585e+00  3.71927526e-01  1.55422764e-02  1.44614501e-02 
 8.14923178e-01  8.14923178e-01  5.00000000e+00  4.27384335e+00  4.27660038e+00  9.86812702e-01  6.49833077e-02 -3.44995128e+00  4.95201178e-01  1.55884389e-02  1.40123049e-02 
 8.15137009e-01  8.15137009e-01  5.00000000e+00  4.27392069e+00  4.27640469e+00  8.92094125e-01  7.76287242e-02 -3.41986245e+00  4.64458101e-01  1.55418917e-02  1.41187228e-02 
 8.15564673e-01  8.15564673e-01  5.00000000e+00  4.27384465e+00  4.27783510e+00  9.79318804e-01  6.51965610e-02 -3.39751618e+00  6.76597945e-01  1.55876528e-02  1.33591133e-02 
 8.16419999e-01  8.16419999e-01  5.00000000e+00  4.27392340e+00  4.27884781e+00  8.77671859e-01  7.80711763e-02 -3.31551632e+00  8.13113718e-01  1.55402656e-02  1.28461598e-02 
 8.17419999e-01  8.17419999e-01  5.00000000e+00  4.27384885e+00  4.28139625e+00  9.59485317e-01  6.58830609e-02 -3.24761191e+00  1.15467709e+00  1.55851231e-02  1.16407978e-02 
 8.18419999e-01  8.18419999e-01  5.00000000e+00  4.27392866e+00  4.28266510e+00  8.57685117e-01  7.89308841e-02 -3.15524661e+00  1.29383623e+00  1.55371029e-02  1.10835175e-02 
 8.19419999e-01  8.19419999e-01  5.00000000e+00  4.27385433e+00  4.28532517e+00  9.40845600e-01  6.67808967e-02 -3.08884680e+00  1.60054322e+00  1.55818177e-02  1.00002934e-02 
 8.20419999e-01  8.20419999e-01  5.00000000e+00  4.27393486e+00  4.28648494e+00  8.40378620e-01  7.99413734e-02 -2.99789744e+00  1.70747544e+00  1.55333846e-02  9.56179156e-03 
 8.21419999e-01  8.21419999e-01  5.00000000e+00  4.27386060e+00  4.28925672e+00  9.24702684e-01  6.78061534e-02 -2.93299737e+00  1.98423568e+00  1.55780435e-02  8.59010920e-03 
 8.22419999e-01  8.22419999e-01  5.00000000e+00  4.27394176e+00  4.29028857e+00  8.25394261e-01  8.10680596e-02 -2.84344707e+00  2.06348611e+00  1.55292385e-02  8.25416219e-03 
 8.23419999e-01  8.23419999e-01  5.00000000e+00  4.27386752e+00  4.29318942e+00  9.10722539e-01  6.89383453e-02 -2.78002805e+00  2.31451481e+00  1.55738758e-02  7.37844959e-03 
 8.24419999e-01  8.24419999e-01  5.00000000e+00  4.27394926e+00  4.29407350e+00  8.12420829e-01  8.22906904e-02 -2.69186001e+00  2.36998623e+00  1.55247390e-02  7.13051067e-03 
 8.25419999e-01  8.25419999e-01  5.00000000e+00  4.27387497e+00  4.29712343e+00  8.98616150e-01  7.01572739e-02 -2.62990365e+00  2.59890440e+00  1.55693889e-02  6.33738075e-03 
 8.26419999e-01  8.26419999e-01  5.00000000e+00  4.27395721e+00  4.29783696e+00  8.01188985e-01  8.35886208e-02 -2.54310189e+00  2.63394801e+00  1.55199623e-02  6.16494115e-03 
 8.27419999e-01  8.27419999e-01  5.00000000e+00  4.27388283e+00  4.30105881e+00  8.88133316e-01  7.14423682e-02 -2.48259004e+00  2.84386638e+00  1.55646586e-02  5.44291193e-03 
 8.28419999e-01  8.28419999e-01  5.00000000e+00  4.27396551e+00  4.30157573e+00  7.91465451e-01  8.49410815e-02 -2.39713908e+00  2.86135961e+00  1.55149847e-02  5.33521353e-03 
 8.29419999e-01  8.29419999e-01  5.00000000e+00  4.27389097e+00  4.30499556e+00  8.79057282e-01  7.27730335e-02 -2.33805376e+00  3.05495068e+00  1.55597606e-02  4.67444157e-03 
 8.30419999e-01  8.30419999e-01  5.00000000e+00  4.27397402e+00  4.30528611e+00  7.83048050e-01  8.63275653e-02 -2.25393836e+00  3.05736411e+00  1.55098818e-02  4.62222713e-03 
 8.31419999e-01  8.31419999e-01  5.00000000e+00  4.27389927e+00  4.30893355e+00  8.71200150e-01  7.41290478e-02 -2.19626162e+00  3.23692406e+00  1.55547694e-02  4.01427879e-03 
 8.32419999e-01  8.32419999e-01  5.00000000e+00  4.27398262e+00  4.30896386e+00  7.75761480e-01  8.77282411e-02 -2.11346648e+00  3.22637880e+00  1.55047265e-02  4.00957705e-03 
 8.33419999e-01  8.33419999e-01  5.00000000e+00  4.27390761e+00  4.31287242e+00  8.64398972e-01  7.54909769e-02 -2.05718029e+00  3.39388062e+00  1.55497565e-02  3.44723216e-03 
 8.34419999e-01  8.34419999e-01  5.00000000e+00  4.27399119e+00  4.31260415e+00  7.69453688e-01  8.91243709e-02 -1.97568971e+00  3.37219769e+00  1.54995879e-02  3.48317295e-03 
 8.35419999e-01  8.35419999e-01  5.00000000e+00  4.27391587e+00  4.31681153e+00  8.58512395e-01  7.68405863e-02 -1.92077587e+00  3.52933681e+00  1.55447891e-02  2.96025643e-03 
 8.36419999e-01  8.36419999e-01  5.00000000e+00  4.27399964e+00  4.31620145e+00  7.63992770e-01  9.04987035e-02 -1.84057354e+00  3.49807948e+00  1.54945293e-02  3.03091138e-03 
 8.37419999e-01  8.37419999e-01  5.00000000e+00  4.27392396e+00  4.32074989e+00  8.53417788e-01  7.81612227e-02 -1.78701358e+00  3.64631295e+00  1.55399284e-02  2.54214882e-03 
 8.38419999e-01  8.38419999e-01  5.00000000e+00  4.27400785e+00  4.31974954e+00  7.59264292e-01  9.18358227e-02 -1.70808225e+00  3.60682311e+00  1.54896077e-02  2.64239429e-03 
 8.39419999e-01  8.39419999e-01  5.00000000e+00  4.27393179e+00  4.32468595e+00  8.49008763e-01  7.94381422e-02 -1.65585739e+00  3.74740324e+00  1.55352287e-02  2.18328789e-03 
 8.40419999e-01  8.40419999e-01  5.00000000e+00  4.27401576e+00  4.32324147e+00  7.55168990e-01  9.31224280e-02 -1.57817875e+00  3.70083265e+00  1.54848719e-02  2.30868687e-03 
 8.41419999e-01  8.41419999e-01  5.00000000e+00  4.27393927e+00  4.32861755e+00  8.45193033e-01  8.06587673e-02 -1.52726983e+00  3.83483582e+00  1.55307363e-02  1.87540890e-03 
 8.42419999e-01  8.42419999e-01  5.00000000e+00  4.27402329e+00  4.32666955e+00  7.51620774e-01  9.43475303e-02 -1.45082434e+00  3.78217288e+00  1.54803625e-02  2.02210932e-03 
 8.43419999e-01  8.43419999e-01  5.00000000e+00  4.27394634e+00  4.33254170e+00  8.41890557e-01  8.18128555e-02 -1.40121183e+00  3.91052438e+00  1.55264889e-02  1.61141043e-03 
 8.44419999e-01  8.44419999e-01  5.00000000e+00  4.27403040e+00  4.33002540e+00  7.48545001e-01  9.55025516e-02 -1.32597868e+00  3.85261719e+00  1.54761110e-02  1.77605767e-03 
 8.45419999e-01  8.45419999e-01  5.00000000e+00  4.27395296e+00  4.33645439e+00  8.39031933e-01  8.28925725e-02 -1.27764270e+00  3.97611239e+00  1.55225153e-02  1.38518773e-03 
 8.46419999e-01  8.46419999e-01  5.00000000e+00  4.27403704e+00  4.33330006e+00  7.45876979e-01  9.65813257e-02 -1.20359980e+00  3.91368848e+00  1.54721401e-02  1.56484958e-03 
 8.47419999e-01  8.47419999e-01  5.00000000e+00  4.27395909e+00  4.34035047e+00  8.36556991e-01  8.38924701e-02 -1.15652017e+00  4.03301115e+00  1.55188356e-02  1.19148912e-03 
 8.48419999e-01  8.48419999e-01  5.00000000e+00  4.27404318e+00  4.33648421e+00  7.43560670e-01  9.75800009e-02 -1.08364425e+00  3.96669447e+00  1.54684641e-02  1.38359170e-03 
 8.49419999e-01  8.49419999e-01  5.00000000e+00  4.27396472e+00  4.34422345e+00  8.34413578e-01  8.48093732e-02 -1.03780053e+00  4.08243236e+00  1.55154614e-02  1.02579216e-03 
 8.50419999e-01  8.50419999e-01  5.00000000e+00  4.27404883e+00  4.33956841e+00  7.41547562e-01  9.84968589e-02 -9.66067286e-01  4.01275790e+00  1.54650892e-02  1.22806569e-03 
 8.51419999e-01  8.51419999e-01  5.00000000e+00  4.27396983e+00  4.34806544e+00  8.32556497e-01  8.56421909e-02 -9.21438835e-01  4.12541615e+00  1.55123968e-02  8.84197118e-04 
 8.52419999e-01  8.52419999e-01  5.00000000e+00  4.27405397e+00  4.34254347e+00  7.39795695e-01  9.93320646e-02 -8.50823155e-01  4.05284252e+00  1.54620150e-02  1.09463080e-03 
 8.53419999e-01  8.53419999e-01  5.00000000e+00  4.27397443e+00  4.35186712e+00  8.30946585e-01  8.63916681e-02 -8.07389203e-01  4.16285522e+00  1.55096390e-02  7.63335542e-04 
 8.54419999e-01  8.54419999e-01  5.00000000e+00  4.27405862e+00  4.34540093e+00  7.38268819e-01  1.00087370e-01 -7.37865409e-01  4.08777547e+00  1.54592349e-02  9.80140869e-04 
 8.55419999e-01  8.55419999e-01  5.00000000e+00  4.27397812e+00  4.35794076e+00  8.29621488e-01  8.69730700e-02 -6.95691701e-01  4.19567241e+00  1.55074261e-02  6.03578622e-04 
 8.56419999e-01  8.56419999e-01  5.00000000e+00  4.27406292e+00  4.34744798e+00  7.36899881e-01  1.00785768e-01 -6.27126523e-01  4.11837028e+00  1.54566653e-02  9.05558817e-04 
 8.57419999e-01  8.57419999e-01  5.00000000e+00  4.27398167e+00  4.36209382e+00  8.28424312e-01  8.75511620e-02 -5.86138363e-01  4.22434796e+00  1.55052982e-02  5.14043975e-04 
 8.58419999e-01  8.58419999e-01  5.00000000e+00  4.27406671e+00  4.34981482e+00  7.35717781e-01  1.01401599e-01 -5.18590040e-01  4.14513345e+00  1.54543990e-02  8.26371797e-04 
 8.59419999e-01  8.59419999e-01  5.00000000e+00  4.27398475e+00  4.36626164e+00  8.27389387e-01  8.80534882e-02 -4.78759463e-01  4.24947138e+00  1.55034491e-02  4.37541296e-04 
 8.60419999e-01  8.60419999e-01  5.00000000e+00  4.27407010e+00  4.35197494e+00  7.34675938e-01  1.01951810e-01 -4.12196969e-01  4.16858536e+00  1.54523743e-02  7.60160035e-04 
 8.61419999e-01  8.61419999e-01  5.00000000e+00  4.27398740e+00  4.37041523e+00  8.26493980e-01  8.84854756e-02 -3.73508041e-01  4.27152551e+00  1.55018590e-02  3.72628876e-04 
 8.62419999e-01  8.62419999e-01  5.00000000e+00  4.27407269e+00  4.35701317e+00  7.33868239e-01  1.02349447e-01 -3.07992739e-01  4.18940028e+00  1.54508268e-02  6.25617394e-04 
 8.63419999e-01  8.63419999e-01  5.00000000e+00  4.27398965e+00  4.37481278e+00  8.25720987e-01  8.88514384e-02 -2.70338261e-01  4.29115342e+00  1.55005119e-02  3.14367647e-04 
 8.64419999e-01  8.64419999e-01  5.00000000e+00  4.27407527e+00  4.35946622e+00  7.33070557e-01  1.02768245e-01 -2.05763351e-01  4.20777604e+00  1.54492853e-02  5.69010232e-04 
 8.65419999e-01  8.65419999e-01  5.00000000e+00  4.27399156e+00  4.37906861e+00  8.25046085e-01  8.91621666e-02 -1.69200344e-01  4.30850846e+00  1.54993681e-02  2.66672869e-04 
 8.66419999e-01  8.66419999e-01  5.00000000e+00  4.27407753e+00  4.36178787e+00  7.32363737e-01  1.03135490e-01 -1.05542604e-01  4.22403393e+00  1.54479335e-02  5.20160681e-04 
 8.67419999e-01  8.67419999e-01  5.00000000e+00  4.27399314e+00  4.38331538e+00  8.24461450e-01  8.94190112e-02 -7.00540551e-02  4.32390031e+00  1.54984227e-02  2.26293379e-04 
 8.68419999e-01  8.68419999e-01  5.00000000e+00  4.27407939e+00  4.36457377e+00  7.31760057e-01  1.03437221e-01 -7.30589365e-03  4.23850711e+00  1.54468229e-02  4.67046212e-04 
 8.69419999e-01  8.69419999e-01  5.00000000e+00  4.27399441e+00  4.38761297e+00  8.23955820e-01  8.96267237e-02  2.71435978e-02  4.33763906e+00  1.54976581e-02  1.91651205e-04 
 8.70419999e-01  8.70419999e-01  5.00000000e+00  4.27408126e+00  4.36598057e+00  7.31168951e-01  1.03739508e-01  8.90503858e-02  4.25133826e+00  1.54457102e-02  4.42321917e-04 
 8.71419999e-01  8.71419999e-01  5.00000000e+00  4.27399544e+00  4.39173625e+00  8.23513260e-01  8.97942917e-02  1.22438412e-01  4.34984996e+00  1.54970413e-02  1.63409794e-04 
 8.72419999e-01  8.72419999e-01  5.00000000e+00  4.27408276e+00  4.36785787e+00  7.30663108e-01  1.03984017e-01  1.83504593e-01  4.26278998e+00  1.54448102e-02  4.11355123e-04 
 8.73419999e-01  8.73419999e-01  5.00000000e+00  4.27399623e+00  4.39586452e+00  8.23130795e-01  8.99222302e-02  2.15867522e-01  4.36077982e+00  1.54965704e-02  1.39303100e-04 
 8.74419999e-01  8.74419999e-01  5.00000000e+00  4.27408408e+00  4.36957614e+00  7.30205676e-01  1.04197257e-01  2.76119369e-01  4.27304067e+00  1.54440253e-02  3.84915724e-04 
 8.75419999e-01  8.75419999e-01  5.00000000e+00  4.27399681e+00  4.39991749e+00  8.22797331e-01  9.00174294e-02  3.07473440e-01  4.37059137e+00  1.54962200e-02  1.19098953e-04 
 8.76419999e-01  8.76419999e-01  5.00000000e+00  4.27408523e+00  4.37115663e+00  7.29789717e-01  1.04383287e-01  3.66933972e-01  4.28224159e+00  1.54433405e-02  3.62099397e-04 
 8.77419999e-01  8.77419999e-01  5.00000000e+00  4.27399722e+00  4.40387997e+00  8.22505796e-01  9.00843329e-02  3.97295398e-01  4.37942358e+00  1.54959737e-02  1.02182027e-04 
 8.78419999e-01  8.78419999e-01  5.00000000e+00  4.27408639e+00  4.37260603e+00  7.29379189e-01  1.04572223e-01  4.56012313e-01  4.29046575e+00  1.54426451e-02  3.42366411e-04 
 8.79419999e-01  8.79419999e-01  5.00000000e+00  4.27399749e+00  4.40772005e+00  8.22250465e-01  9.01279934e-02  4.85371227e-01  4.38734398e+00  1.54958130e-02  8.80838289e-05 
 8.80419999e-01  8.80419999e-01  5.00000000e+00  4.27409207e+00  4.37622450e+00  7.28163061e-01  1.05493438e-01  5.44104394e-01  4.29627698e+00  1.54392542e-02  2.97669135e-04 
 8.81419999e-01  8.81419999e-01  5.00000000e+00  4.27399681e+00  4.41142276e+00  8.22061177e-01  9.00173576e-02  5.71578693e-01  4.39308622e+00  1.54962219e-02  7.63351371e-05 
 8.82419999e-01  8.82419999e-01  5.00000000e+00  4.27687976e+00  4.27144669e+00 -3.45720000e+00  5.34202460e-01  8.84514037e-01  7.55779764e-02  1.38617684e-02  1.71019073e-02 
 8.83419999e-01  8.83419999e-01  5.00000000e+00  4.27955529e+00  4.27386093e+00 -3.38349679e+00  9.04704546e-01  9.74577684e-01  6.78464727e-02  1.24995444e-02  1.55778456e-02 
 8.84419999e-01  8.84419999e-01  5.00000000e+00  4.28071077e+00  4.27391237e+00 -3.29444541e+00  1.05328378e+00  8.63019887e-01  7.62501740e-02  1.19534335e-02  1.55468972e-02 
 8.85419999e-01  8.85419999e-01  5.00000000e+00  4.28349575e+00  4.27386567e+00 -3.22200289e+00  1.38608835e+00  9.54499245e-01  6.88259065e-02  1.07332284e-02  1.55749876e-02 
 8.86419999e-01  8.86419999e-01  5.00000000e+00  4.28450737e+00  4.27391697e+00 -3.13472336e+00  1.49988010e+00  8.44412554e-01  7.70110285e-02  1.03215378e-02  1.55441267e-02 
 8.87419999e-01  8.87419999e-01  5.00000000e+00  4.28744924e+00  4.27387391e+00 -3.06344102e+00  1.80029130e+00  9.37109613e-01  6.99656742e-02  9.21186988e-03  1.55700305e-02 
 8.88419999e-01  8.88419999e-01  5.00000000e+00  4.28831346e+00  4.27392238e+00 -2.97794527e+00  1.88421257e+00  8.28309892e-01  7.78918681e-02  8.90916262e-03  1.55408811e-02 
 8.89419999e-01  8.89419999e-01  5.00000000e+00  4.29140262e+00  4.27388172e+00 -2.90777653e+00  2.15678032e+00  9.22046947e-01  7.12437610e-02  7.90618857e-03  1.55653259e-02 
 8.90419999e-01  8.90419999e-01  5.00000000e+00  4.29211014e+00  4.27392880e+00 -2.82401460e+00  2.21504108e+00  8.14362420e-01  7.89332190e-02  7.69284888e-03  1.55370207e-02 
 8.91419999e-01  8.91419999e-01  5.00000000e+00  4.29536137e+00  4.27389028e+00 -2.75497199e+00  2.46368792e+00  9.09000499e-01  7.26422205e-02  6.78416382e-03  1.55601781e-02 
 8.92419999e-01  8.92419999e-01  5.00000000e+00  4.29587139e+00  4.27393529e+00 -2.67301880e+00  2.49991280e+00  8.02292675e-01  7.99919920e-02  6.65169859e-03  1.55331233e-02 
 8.93419999e-01  8.93419999e-01  5.00000000e+00  4.29932646e+00  4.27389945e+00 -2.60499175e+00  2.72799628e+00  8.97701272e-01  7.41408311e-02  5.81994529e-03  1.55546617e-02 
 8.94419999e-01  8.94419999e-01  5.00000000e+00  4.29960897e+00  4.27394207e+00 -2.52487258e+00  2.74529369e+00  7.91844800e-01  8.10982013e-02  5.75672325e-03  1.55290514e-02 
 8.95419999e-01  8.95419999e-01  5.00000000e+00  4.30329907e+00  4.27390911e+00 -2.45780138e+00  2.95570361e+00  8.87916240e-01  7.57193261e-02  4.99131943e-03  1.55488512e-02 
 8.96419999e-01  8.96419999e-01  5.00000000e+00  4.30331978e+00  4.27394902e+00 -2.37954133e+00  2.95674206e+00  7.82801286e-01  8.22320828e-02  4.98732489e-03  1.55248776e-02 
 8.97419999e-01  8.97419999e-01  5.00000000e+00  4.30728050e+00  4.27391914e+00 -2.31336772e+00  3.15196172e+00  8.79443476e-01  7.73568041e-02  4.27921157e-03  1.55428237e-02 
 8.98419999e-01  8.98419999e-01  5.00000000e+00  4.30700037e+00  4.27395603e+00 -2.23699018e+00  3.13903194e+00  7.74973606e-01  8.33747910e-02  4.32580901e-03  1.55206713e-02 
 8.99419999e-01  8.99419999e-01  5.00000000e+00  4.31127221e+00  4.27392941e+00 -2.17165842e+00  3.32119558e+00  8.72107903e-01  7.90322282e-02  3.66724014e-03  1.55366565e-02 
 9.00419999e-01  9.00419999e-01  5.00000000e+00  4.31064694e+00  4.27396299e+00 -2.09718362e+00  3.29626390e+00  7.68198294e-01  8.45087782e-02  3.75697433e-03  1.55164972e-02 
 9.01419999e-01  9.01419999e-01  5.00000000e+00  4.31527587e+00  4.27393978e+00 -2.03264156e+00  3.46720598e+00  8.65757678e-01  8.07247833e-02  3.14133651e-03  1.55304264e-02 
 9.02419999e-01  9.02419999e-01  5.00000000e+00  4.31425533e+00  4.27396980e+00 -1.96008514e+00  3.43196018e+00  7.62333583e-01  8.56181352e-02  3.26776065e-03  1.55124138e-02 
 9.03419999e-01  9.03419999e-01  5.00000000e+00  4.31929329e+00  4.27395014e+00 -1.89628529e+00  3.59325769e+00  8.60261088e-01  8.24142566e-02  2.68941862e-03  1.55242076e-02 
 9.04419999e-01  9.04419999e-01  5.00000000e+00  4.31782101e+00  4.27397637e+00 -1.82565700e+00  3.54914635e+00  7.57256514e-01  8.66888759e-02  2.84694653e-03  1.55084725e-02 
 9.05419999e-01  9.05419999e-01  5.00000000e+00  4.32332649e+00  4.27396037e+00 -1.76255741e+00  3.70215518e+00  8.55503880e-01  8.40814282e-02  2.30111067e-03  1.55180709e-02 
 9.06419999e-01  9.06419999e-01  5.00000000e+00  4.32133912e+00  4.27398263e+00 -1.69385998e+00  3.65042148e+00  7.52860447e-01  8.77091577e-02  2.48489011e-03  1.55047171e-02 
 9.07419999e-01  9.07419999e-01  5.00000000e+00  4.32737763e+00  4.27397035e+00 -1.63142506e+00  3.79630763e+00  8.51386967e-01  8.57084549e-02  1.96750248e-03  1.55120821e-02 
 9.08419999e-01  9.08419999e-01  5.00000000e+00  4.32480447e+00  4.27398853e+00 -1.56465328e+00  3.73801835e+00  7.49052910e-01  8.86694304e-02  2.17330678e-03  1.55011826e-02 
 9.09419999e-01  9.09419999e-01  5.00000000e+00  4.33144903e+00  4.27397999e+00 -1.50285436e+00  3.87778476e+00  8.47824436e-01  8.72792295e-02  1.68094281e-03  1.55063004e-02 
 9.10419999e-01  9.10419999e-01  5.00000000e+00  4.32821156e+00  4.27399402e+00 -1.43799446e+00  3.81385515e+00  7.45753735e-01  8.95625153e-02  1.90507892e-03  1.54978955e-02 
 9.11419999e-01  9.11419999e-01  5.00000000e+00  4.33555778e+00  4.27398969e+00 -1.37673200e+00  3.94836510e+00  8.44741665e-01  8.88582069e-02  1.43404720e-03  1.55004870e-02 
 9.12419999e-01  9.12419999e-01  5.00000000e+00  4.33155632e+00  4.27399951e+00 -1.31376770e+00  3.87958044e+00  7.42892822e-01  9.04564693e-02  1.67398476e-03  1.54946039e-02 
 9.13419999e-01  9.13419999e-01  5.00000000e+00  4.33968343e+00  4.27399851e+00 -1.25316209e+00  4.00957706e+00  8.42074551e-01  9.02935535e-02  1.22261658e-03  1.54952035e-02 
 9.14419999e-01  9.14419999e-01  5.00000000e+00  4.33483139e+00  4.27400426e+00 -1.19204720e+00  3.93661045e+00  7.40411032e-01  9.12285362e-02  1.47489236e-03  1.54917619e-02 
 9.15419999e-01  9.15419999e-01  5.00000000e+00  4.34383941e+00  4.27400678e+00 -1.13204222e+00  4.06273273e+00  8.39767061e-01  9.16392598e-02  1.04113657e-03  1.54902501e-02 
 9.16419999e-01  9.16419999e-01  5.00000000e+00  4.33803200e+00  4.27400857e+00 -1.07273371e+00  3.98616148e+00  7.38255802e-01  9.19304969e-02  1.30322421e-03  1.54891781e-02 
 9.17419999e-01  9.17419999e-01  5.00000000e+00  4.34802906e+00  4.27401446e+00 -1.01333275e+00  4.10896021e+00  8.37770870e-01  9.28881912e-02  8.85441464e-04  1.54856528e-02 
 9.18419999e-01  9.18419999e-01  5.00000000e+00  4.34115298e+00  4.27401246e+00 -9.55779773e-01  4.02927913e+00  7.36382030e-01  9.25634682e-02  1.15508852e-03  1.54868481e-02 
 9.19419999e-01  9.19419999e-01  5.00000000e+00  4.35225570e+00  4.27402151e+00 -8.96992504e-01  4.14922891e+00  8.36044170e-01  9.40355805e-02  7.51953270e-04  1.54814294e-02 
 9.20419999e-01  9.20419999e-01  5.00000000e+00  4.34418950e+00  4.27401594e+00 -8.41137502e-01  4.06686195e+00  7.34750704e-01  9.31298215e-02  1.02713963e-03  1.54847634e-02 
 9.21419999e-01  9.21419999e-01  5.00000000e+00  4.35652252e+00  4.27402793e+00 -7.82978924e-01  4.18437198e+00  8.34550811e-01  9.50789293e-02  6.37598385e-04  1.54775889e-02 
 9.22419999e-01  9.22419999e-01  5.00000000e+00  4.34713729e+00  4.27401904e+00 -7.28758936e-01  4.09968221e+00  7.33328102e-01  9.36328953e-02  9.16501960e-04  1.54829117e-02 
 9.23419999e-01  9.23419999e-01  5.00000000e+00  4.36083237e+00  4.27403371e+00 -6.71248227e-01  4.21510543e+00  8.33259529e-01  9.60178339e-02  5.39735761e-04  1.54741329e-02 
 9.24419999e-01  9.24419999e-01  5.00000000e+00  4.34999279e+00  4.27402177e+00 -6.18596301e-01  4.12840367e+00  7.32085095e-01  9.40767238e-02  8.20704963e-04  1.54812780e-02 
 9.25419999e-01  9.25419999e-01  5.00000000e+00  4.36518747e+00  4.27403885e+00 -5.61755662e-01  4.24204467e+00  8.32143293e-01  9.68537548e-02  4.56094919e-04  1.54710559e-02 
 9.26419999e-01  9.26419999e-01  5.00000000e+00  4.35275322e+00  4.27402416e+00 -5.10602265e-01  4.15359687e+00  7.30996540e-01  9.44657916e-02  7.37627665e-04  1.54798459e-02 
 9.27419999e-01  9.27419999e-01  5.00000000e+00  4.36958913e+00  4.27404338e+00 -4.54455771e-01  4.26571863e+00  8.31178712e-01  9.75897511e-02  3.84722374e-04  1.54683468e-02 
 9.28419999e-01  9.28419999e-01  5.00000000e+00  4.35541661e+00  4.27402624e+00 -4.04730153e-01  4.17575227e+00  7.30040754e-01  9.48048213e-02  6.65451679e-04  1.54785979e-02 
 9.29419999e-01  9.29419999e-01  5.00000000e+00  4.37403734e+00  4.27404732e+00 -3.49302674e-01  4.28658186e+00  8.30345533e-01  9.82301970e-02  3.23935256e-04  1.54659894e-02 
 9.30419999e-01  9.30419999e-01  5.00000000e+00  4.35798180e+00  4.27402805e+00 -3.00934121e-01  4.19529140e+00  7.29199045e-01  9.50985955e-02  6.02621710e-04  1.54775166e-02 
 9.31419999e-01  9.31419999e-01  5.00000000e+00  4.37853029e+00  4.27405071e+00 -2.46250347e-01  4.30502491e+00  8.29626191e-01  9.87804995e-02  2.72281162e-04  1.54639638e-02 
 9.32419999e-01  9.32419999e-01  5.00000000e+00  4.36044818e+00  4.27402961e+00 -1.99169288e-01  4.21257655e+00  7.28455316e-01  9.53518151e-02  5.47812545e-04  1.54765845e-02 
 9.33419999e-01  9.33419999e-01  5.00000000e+00  4.38306399e+00  4.27405358e+00 -1.45252878e-01  4.32138324e+00  8.29005419e-01  9.92468314e-02  2.28503484e-04  1.54622472e-02 
 9.34419999e-01  9.34419999e-01  5.00000000e+00  4.36281541e+00  4.27403094e+00 -9.93918383e-02  4.22791889e+00  7.27795700e-01  9.55689929e-02  4.99901106e-04  1.54757851e-02 
 9.35419999e-01  9.35419999e-01  5.00000000e+00  4.38763181e+00  4.27405598e+00 -4.62647000e-02  4.33594470e+00  8.28469916e-01  9.96358859e-02  1.91511670e-04  1.54608152e-02 
 9.36419999e-01  9.36419999e-01  5.00000000e+00  4.36510870e+00  4.27403210e+00 -1.55592327e-03  4.24158750e+00  7.27209306e-01  9.57575457e-02  4.57486123e-04  1.54750910e-02 
 9.37419999e-01  9.37419999e-01  5.00000000e+00  4.39222492e+00  4.27405794e+00  5.07592343e-02  4.34895784e+00  8.28008010e-01  9.99547199e-02  1.60351455e-04  1.54596416e-02 
 9.38419999e-01  9.38419999e-01  5.00000000e+00  4.36725019e+00  4.27403305e+00  9.43705421e-02  4.25380702e+00  7.26682617e-01  9.59119402e-02  4.21134021e-04  1.54745227e-02 
 9.39419999e-01  9.39419999e-01  5.00000000e+00  4.39682918e+00  4.27405951e+00  1.45863158e-01  4.36063008e+00  8.27609618e-01  1.00210317e-01  1.34203361e-04  1.54587007e-02 
 9.40419999e-01  9.40419999e-01  5.00000000e+00  4.36931516e+00  4.27403387e+00  1.88437369e-01  4.26477580e+00  7.26210080e-01  9.60451938e-02  3.88819256e-04  1.54740322e-02 
 9.41419999e-01  9.41419999e-01  5.00000000e+00  4.40142997e+00  4.27406074e+00  2.39090532e-01  4.37114373e+00  8.27265741e-01  1.00409795e-01  1.12334232e-04  1.54579665e-02 
 9.42419999e-01  9.42419999e-01  5.00000000e+00  4.37127733e+00  4.27403456e+00  2.80680610e-01  4.27466106e+00  7.25782983e-01  9.61574002e-02  3.60413632e-04  1.54736192e-02 
 9.43419999e-01  9.43419999e-01  5.00000000e+00  4.40600926e+00  4.27406167e+00  3.30483802e-01  4.38065243e+00  8.26968508e-01  1.00560024e-01  9.41069948e-05  1.54574135e-02 
 9.44419999e-01  9.44419999e-01  5.00000000e+00  4.37313741e+00  4.27403514e+00  3.71138673e-01  4.28360416e+00  7.25394189e-01  9.62518086e-02  3.35404460e-04  1.54732717e-02 
 9.45419999e-01  9.45419999e-01  5.00000000e+00  4.41054662e+00  4.27406233e+00  4.20084400e-01  4.38928539e+00  8.26710890e-01  1.00667690e-01  7.89651833e-05  1.54570172e-02 
 9.46419999e-01  9.46419999e-01  5.00000000e+00  4.37489005e+00  4.27403572e+00  4.59861560e-01  4.29168318e+00  7.25015704e-01  9.63445034e-02  3.13429905e-04  1.54729305e-02 
 9.47419999e-01  9.47419999e-01  5.00000000e+00  4.41499417e+00  4.27406280e+00  5.07935759e-01  4.39710696e+00  8.26483384e-01  1.00743234e-01  6.64901674e-05  1.54567391e-02 
 9.48419999e-01  9.48419999e-01  5.00000000e+00  4.37624978e+00  4.27403880e+00  5.47283308e-01  4.29773359e+00  7.23986163e-01  9.68451992e-02  2.97378399e-04  1.54710875e-02 
 9.49419999e-01  9.49419999e-01  5.00000000e+00  4.41848264e+00  4.27406385e+00  5.94179563e-01  4.40285764e+00  8.26184350e-01  1.00914465e-01  5.81009120e-05  1.54561088e-02 
 9.49544999e-01  9.49544999e-01  5.00000000e+00  4.39312925e+00  4.27404782e+00  5.96897733e-01  4.35132196e+00  7.74425352e-01  9.83118348e-02  1.54841853e-04  1.54656890e-02 
 9.49794999e-01  9.49794999e-01  5.00000000e+00  4.39308215e+00  4.27405022e+00  6.07915085e-01  4.35119871e+00  7.73954356e-01  9.87017822e-02  1.55124073e-04  1.54642535e-02 
 9.49986078e-01  9.49986078e-01  5.00000000e+00  4.39292500e+00  4.27405317e+00  6.16496541e-01  4.35078636e+00  7.73435061e-01  9.91800784e-02  1.56069449e-04  1.54624929e-02 
 9.50189983e-01  9.50189983e-01  5.00000000e+00  4.39257976e+00  4.27405761e+00  6.25845258e-01  4.34987489e+00  7.72635965e-01  9.99013379e-02  1.58166643e-04  1.54598381e-02 
 9.50597792e-01  9.50597792e-01  5.00000000e+00  4.39086915e+00  4.27407708e+00  6.46190921e-01  4.34525486e+00  7.69570970e-01  1.03061244e-01  1.68980852e-04  1.54482076e-02 
 9.50605670e-01  9.50605670e-01  5.00000000e+00  4.38569943e+00  4.27428360e+00  6.79895591e-01  4.32998020e+00  7.54543500e-01  1.36438775e-01  2.06367591e-04  1.53253512e-02 
 9.50621427e-01  9.50621427e-01  5.00000000e+00  4.38587419e+00  4.27427108e+00  6.78535850e-01  4.33053140e+00  7.55575075e-01  1.34424533e-01  2.04977996e-04  1.53327668e-02 
 9.50629666e-01  9.50629666e-01  5.00000000e+00  4.38554414e+00  4.27427574e+00  6.79626966e-01  4.32948936e+00  7.54782643e-01  1.35173404e-01  2.07610338e-04  1.53300086e-02 
 9.50637665e-01  9.50637665e-01  5.00000000e+00  4.38579365e+00  4.27426505e+00  6.78238427e-01  4.33027960e+00  7.55813675e-01  1.33452550e-01  2.05617221e-04  1.53363439e-02 
 9.50653663e-01  9.50653663e-01  5.00000000e+00  4.38539289e+00  4.27426795e+00  6.79369665e-01  4.32901604e+00  7.55028546e-01  1.33919124e-01  2.08827950e-04  1.53346254e-02 
 9.50683054e-01  9.50683054e-01  5.00000000e+00  4.38558617e+00  4.27424771e+00  6.77330415e-01  4.32962242e+00  7.56497512e-01  1.30658575e-01  2.07273280e-04  1.53466265e-02 
 9.50727054e-01  9.50727054e-01  5.00000000e+00  4.38504454e+00  4.27424129e+00  6.78123764e-01  4.32790884e+00  7.56039232e-01  1.29623091e-01  2.11659483e-04  1.53504382e-02 
 9.50812753e-01  9.50812753e-01  5.00000000e+00  4.38544758e+00  4.27418684e+00  6.72899307e-01  4.32918317e+00  7.59544538e-01  1.20833399e-01  2.08386885e-04  1.53827905e-02 
 9.50834177e-01  9.50834177e-01  5.00000000e+00  4.38523733e+00  4.27418352e+00  6.73254924e-01  4.32851369e+00  7.59377117e-01  1.20296884e-01  2.10087708e-04  1.53847653e-02 
 9.50839534e-01  9.50839534e-01  5.00000000e+00  4.38527638e+00  4.27417967e+00  6.72857192e-01  4.32863861e+00  7.59625351e-01  1.19676084e-01  2.09770768e-04  1.53870504e-02 
 9.50850246e-01  9.50850246e-01  5.00000000e+00  4.38539133e+00  4.27417063e+00  6.71842059e-01  4.32900443e+00  7.60232426e-01  1.18214726e-01  2.08840511e-04  1.53924293e-02 
 9.50851182e-01  9.50851182e-01  5.00000000e+00  4.38589186e+00  4.27415220e+00  6.68899897e-01  4.33058563e+00  7.61831713e-01  1.15233533e-01  2.04838002e-04  1.54034025e-02 
 9.50853053e-01  9.50853053e-01  5.00000000e+00  4.38642261e+00  4.27413052e+00  6.65468990e-01  4.33223969e+00  7.63519354e-01  1.11724518e-01  2.00677511e-04  1.54163185e-02 
 9.50856796e-01  9.50856796e-01  5.00000000e+00  4.38648852e+00  4.27412614e+00  6.64916312e-01  4.33244367e+00  7.63784457e-01  1.11015513e-01  2.00166786e-04  1.54189285e-02 
 9.50860692e-01  9.50860692e-01  5.00000000e+00  4.38628022e+00  4.27413292e+00  6.66176653e-01  4.33179822e+00  7.63203703e-01  1.12113140e-01  2.01785363e-04  1.54148881e-02 
 9.50865517e-01  9.50865517e-01  5.00000000e+00  4.38608069e+00  4.27413866e+00  6.67306764e-01  4.33117675e+00  7.62666829e-01  1.13041846e-01  2.03348022e-04  1.54114697e-02 
 9.50865902e-01  9.50865902e-01  5.00000000e+00  4.38606348e+00  4.27413920e+00  6.67410017e-01  4.33112371e+00  7.62620731e-01  1.13129050e-01  2.03483307e-04  1.54111489e-02 
 9.50866671e-01  9.50866671e-01  5.00000000e+00  4.38601399e+00  4.27414073e+00  6.67690739e-01  4.33096838e+00  7.62479380e-01  1.13377675e-01  2.03873027e-04  1.54102336e-02 
 9.50868209e-01  9.50868209e-01  5.00000000e+00  4.38586224e+00  4.27414583e+00  6.68579568e-01  4.33049263e+00  7.62032351e-01  1.14202323e-01  2.05072691e-04  1.54071982e-02 
 9.50868594e-01  9.50868594e-01  5.00000000e+00  4.38581058e+00  4.27414761e+00  6.68883556e-01  4.33033039e+00  7.61877539e-01  1.14490271e-01  2.05482705e-04  1.54061383e-02 
 9.50869363e-01  9.50869363e-01  5.00000000e+00  4.38568506e+00  4.27415194e+00  6.69617232e-01  4.32993548e+00  7.61497720e-01  1.15191869e-01  2.06482324e-04  1.54035560e-02 
 9.50869555e-01  9.50869555e-01  5.00000000e+00  4.38563562e+00  4.27415362e+00  6.69897022e-01  4.32977882e+00  7.61344937e-01  1.15463642e-01  2.06877345e-04  1.54025555e-02 
 9.50869940e-01  9.50869940e-01  5.00000000e+00  4.38552058e+00  4.27415764e+00  6.70562145e-01  4.32941526e+00  7.60989262e-01  1.16112732e-01  2.07799529e-04  1.54001665e-02 
 9.50870036e-01  9.50870036e-01  5.00000000e+00  4.38547943e+00  4.27415903e+00  6.70791407e-01  4.32928434e+00  7.60860358e-01  1.16337988e-01  2.08130411e-04  1.53993372e-02 
 9.50870228e-01  9.50870228e-01  5.00000000e+00  4.38538722e+00  4.27416222e+00  6.71314850e-01  4.32899167e+00  7.60571775e-01  1.16853417e-01  2.08873733e-04  1.53974401e-02 
 9.50870613e-01  9.50870613e-01  5.00000000e+00  4.38502138e+00  4.27417451e+00  6.73318585e-01  4.32782234e+00  7.59411085e-01  1.18841133e-01  2.11849116e-04  1.53901237e-02 
 9.50870709e-01  9.50870709e-01  5.00000000e+00  4.38482876e+00  4.27418078e+00  6.74336319e-01  4.32720261e+00  7.58793710e-01  1.19854866e-01  2.13432648e-04  1.53863924e-02 
 9.50870901e-01  9.50870901e-01  5.00000000e+00  4.38396279e+00  4.27420703e+00  6.78585007e-01  4.32437400e+00  7.55970279e-01  1.24095560e-01  2.20699462e-04  1.53707832e-02 
 9.50871082e-01  9.50871082e-01  5.00000000e+00  4.27405101e+00  4.27580400e+00  9.28648063e-01  9.88292158e-02 -3.46956185e+00  3.74180429e-01  1.54637844e-02  1.44504577e-02 
 9.50871207e-01  9.50871207e-01  5.00000000e+00  4.27392361e+00  4.27595942e+00  9.52139622e-01  7.80858909e-02 -3.49029487e+00  3.97710488e-01  1.55401397e-02  1.43638849e-02 
 9.50871323e-01  9.50871323e-01  5.00000000e+00  4.27391377e+00  4.27582462e+00  9.31704877e-01  7.64795920e-02 -3.49189169e+00  3.77311134e-01  1.55460525e-02  1.44389388e-02 
 9.50871461e-01  9.50871461e-01  5.00000000e+00  4.27388192e+00  4.27596886e+00  9.53486828e-01  7.12756236e-02 -3.49708432e+00  3.99135322e-01  1.55652085e-02  1.43586427e-02 
 9.50871714e-01  9.50871714e-01  5.00000000e+00  4.27389194e+00  4.27583046e+00  9.32526194e-01  7.29143284e-02 -3.49542477e+00  3.78252415e-01  1.55591775e-02  1.44356802e-02 
 9.50872021e-01  9.50872021e-01  5.00000000e+00  4.27387234e+00  4.27597201e+00  9.53848467e-01  6.97102035e-02 -3.49860366e+00  3.99668750e-01  1.55709753e-02  1.43568945e-02 
 9.50872537e-01  9.50872537e-01  5.00000000e+00  4.27389077e+00  4.27583246e+00  9.32579146e-01  7.27232387e-02 -3.49554824e+00  3.78557425e-01  1.55598837e-02  1.44345613e-02 
 9.50873274e-01  9.50873274e-01  5.00000000e+00  4.27387255e+00  4.27597436e+00  9.53819839e-01  6.97453990e-02 -3.49846554e+00  4.00023733e-01  1.55708452e-02  1.43555895e-02 
 9.50874747e-01  9.50874747e-01  5.00000000e+00  4.27389074e+00  4.27583679e+00  9.32557069e-01  7.27189750e-02 -3.49537090e+00  3.79212163e-01  1.55598993e-02  1.44321465e-02 
 9.50877694e-01  9.50877694e-01  5.00000000e+00  4.27387257e+00  4.27598294e+00  9.53764120e-01  6.97483945e-02 -3.49809934e+00  4.01321457e-01  1.55708341e-02  1.43508280e-02 
 9.50883587e-01  9.50883587e-01  5.00000000e+00  4.27389076e+00  4.27585399e+00  9.32450867e-01  7.27211440e-02 -3.49464235e+00  3.81812098e-01  1.55598913e-02  1.44225560e-02 
 9.50895374e-01  9.50895374e-01  5.00000000e+00  4.27387261e+00  4.27601731e+00  9.53549286e-01  6.97543714e-02 -3.49664071e+00  4.06515901e-01  1.55708121e-02  1.43317736e-02 
 9.50918947e-01  9.50918947e-01  5.00000000e+00  4.27389082e+00  4.27592270e+00  9.32022914e-01  7.27323438e-02 -3.49172625e+00  3.92190728e-01  1.55598501e-02  1.43842885e-02 
 9.50966092e-01  9.50966092e-01  5.00000000e+00  4.27387275e+00  4.27615466e+00  9.52694586e-01  6.97771937e-02 -3.49080975e+00  4.27226575e-01  1.55707281e-02  1.42558659e-02 
 9.51060384e-01  9.51060384e-01  5.00000000e+00  4.27389110e+00  4.27619710e+00  9.30321131e-01  7.27780089e-02 -3.48007097e+00  4.33429286e-01  1.55596821e-02  1.42324926e-02 
 9.51248967e-01  9.51248967e-01  5.00000000e+00  4.27387331e+00  4.27670224e+00  9.49319835e-01  6.98694016e-02 -3.46752485e+00  5.08976948e-01  1.55703885e-02  1.39572347e-02 
 9.51626134e-01  9.51626134e-01  5.00000000e+00  4.27389225e+00  4.27728726e+00  9.23685882e-01  7.29655471e-02 -3.43360403e+00  5.94069870e-01  1.55589920e-02  1.36450893e-02 
 9.52380468e-01  9.52380468e-01  5.00000000e+00  4.27387568e+00  4.27886326e+00  9.36491812e-01  7.02563661e-02 -3.37500133e+00  8.19174224e-01  1.55689636e-02  1.28384867e-02 
 9.53380468e-01  9.53380468e-01  5.00000000e+00  4.27389621e+00  4.28062988e+00  9.04749949e-01  7.36127322e-02 -3.29105475e+00  1.05099894e+00  1.55566104e-02  1.19908723e-02 
 9.54380468e-01  9.54380468e-01  5.00000000e+00  4.27388066e+00  4.28272116e+00  9.16203701e-01  7.10704808e-02 -3.21378635e+00  1.30695228e+00  1.55659664e-02  1.10595249e-02 
 9.55380468e-01  9.55380468e-01  5.00000000e+00  4.27390180e+00  4.28449703e+00  8.85874735e-01  7.45267044e-02 -3.13129203e+00  1.50344828e+00  1.55532463e-02  1.03256623e-02 
 9.56380468e-01  9.56380468e-01  5.00000000e+00  4.27388658e+00  4.28661192e+00  8.98626962e-01  7.20379452e-02 -3.05550806e+00  1.72664251e+00  1.55624050e-02  9.51496384e-03 
 9.57380468e-01  9.57380468e-01  5.00000000e+00  4.27390819e+00  4.28835851e+00  8.69530453e-01  7.55700382e-02 -2.97446161e+00  1.89279929e+00  1.55494060e-02  8.89365537e-03 
 9.58380468e-01  9.58380468e-01  5.00000000e+00  4.27389322e+00  4.29049810e+00  8.83406002e-01  7.31238910e-02 -2.90014467e+00  2.08784930e+00  1.55584075e-02  8.18756552e-03 
 9.59380468e-01  9.59380468e-01  5.00000000e+00  4.27391524e+00  4.29221071e+00  8.55378096e-01  7.67216618e-02 -2.82052818e+00  2.22794263e+00  1.55451671e-02  7.66299581e-03 
 9.60380468e-01  9.60380468e-01  5.00000000e+00  4.27390047e+00  4.29437893e+00  8.70225527e-01  7.43082982e-02 -2.74766016e+00  2.39881192e+00  1.55540476e-02  7.04680643e-03 
 9.61380468e-01  9.61380468e-01  5.00000000e+00  4.27392284e+00  4.29605237e+00  8.43124266e-01  7.79612562e-02 -2.66945636e+00  2.51651387e+00  1.55406043e-02  6.60531925e-03 
 9.62380468e-01  9.62380468e-01  5.00000000e+00  4.27390820e+00  4.29825374e+00  8.58812716e-01  7.55707091e-02 -2.59801965e+00  2.66660679e+00  1.55494006e-02  6.06639618e-03 
 9.63380468e-01  9.63380468e-01  5.00000000e+00  4.27393084e+00  4.29988207e+00  8.32514980e-01  7.92681487e-02 -2.52121181e+00  2.76507099e+00  1.55357937e-02  5.69625875e-03 
 9.64380468e-01  9.64380468e-01  5.00000000e+00  4.27391628e+00  4.30212180e+00  8.48931309e-01  7.68904546e-02 -2.45118911e+00  2.89731164e+00  1.55445426e-02  5.22375372e-03 
 9.65380468e-01  9.65380468e-01  5.00000000e+00  4.27393914e+00  4.30369822e+00  8.23330210e-01  8.06216603e-02 -2.37576087e+00  2.97924647e+00  1.55308115e-02  4.91488490e-03 
 9.66380468e-01  9.66380468e-01  5.00000000e+00  4.27392459e+00  4.30598223e+00  8.40376576e-01  7.82470290e-02 -2.30713503e+00  3.09614655e+00  1.55395490e-02  4.49948392e-03 
 9.67380468e-01  9.67380468e-01  5.00000000e+00  4.27394760e+00  4.30749896e+00  8.15379240e-01  8.20015024e-02 -2.23307010e+00  3.16387801e+00  1.55257324e-02  4.24322027e-03 
 9.68380468e-01  9.68380468e-01  5.00000000e+00  4.27393301e+00  4.30983403e+00  8.32971015e-01  7.96204985e-02 -2.16582395e+00  3.26759507e+00  1.55344933e-02  3.87692743e-03 
 9.69380468e-01  9.69380468e-01  5.00000000e+00  4.27395611e+00  4.31128221e+00  8.08496686e-01  8.33881925e-02 -2.09310593e+00  3.32312076e+00  1.55206281e-02  3.66582230e-03 
 9.70380468e-01  9.70380468e-01  5.00000000e+00  4.27394142e+00  4.31367603e+00  8.26560682e-01  8.09919156e-02 -2.02722209e+00  3.41550821e+00  1.55294451e-02  3.34177423e-03 
 9.71380468e-01  9.71380468e-01  5.00000000e+00  4.27396454e+00  4.31504562e+00  8.02539102e-01  8.47634634e-02 -1.95583423e+00  3.46054375e+00  1.55155658e-02  3.16942511e-03 
 9.72380468e-01  9.72380468e-01  5.00000000e+00  4.27394970e+00  4.31750690e+00  8.21012039e-01  8.23437186e-02 -1.89129493e+00  3.54319379e+00  1.55244692e-02  2.88173167e-03 
 9.73380468e-01  9.73380468e-01  5.00000000e+00  4.27397281e+00  4.31878652e+00  7.97382052e-01  8.61106430e-02 -1.82121992e+00  3.57921263e+00  1.55106068e-02  2.74263183e-03 
 9.74380468e-01  9.74380468e-01  5.00000000e+00  4.27395778e+00  4.32132508e+00  8.16209248e-01  8.36600886e-02 -1.75800690e+00  3.65349316e+00  1.55196237e-02  2.48623937e-03 
 9.75380468e-01  9.75380468e-01  5.00000000e+00  4.27398082e+00  4.32250193e+00  7.92917602e-01  8.74149798e-02 -1.68922671e+00  3.68176074e+00  1.55058056e-02  2.37565050e-03 
 9.76380468e-01  9.76380468e-01  5.00000000e+00  4.27396555e+00  4.32512880e+00  8.12051833e-01  8.49272445e-02 -1.62732108e+00  3.74884702e+00  1.55149594e-02  2.14622451e-03 
 9.77380468e-01  9.77380468e-01  5.00000000e+00  4.27398849e+00  4.32618853e+00  7.89052141e-01  8.86638963e-02 -1.55981685e+00  3.77045017e+00  1.55012083e-02  2.06006726e-03 
 9.78380468e-01  9.78380468e-01  5.00000000e+00  4.27397296e+00  4.32891603e+00  8.08452666e-01  8.61336564e-02 -1.49919904e+00  3.83135197e+00  1.55105187e-02  1.85389163e-03 
 9.79380468e-01  9.79380468e-01  5.00000000e+00  4.27399576e+00  4.32984264e+00  7.85704503e-01  8.98471530e-02 -1.43295098e+00  3.84722409e+00  1.54968527e-02  1.78865168e-03 
 9.80380468e-01  9.80380468e-01  5.00000000e+00  4.27397993e+00  4.33268444e+00  8.05336213e-01  8.72701674e-02 -1.37360074e+00  3.90280907e+00  1.55063354e-02  1.60254219e-03 
 9.81380468e-01  9.81380468e-01  5.00000000e+00  4.27400258e+00  4.33346022e+00  7.82804336e-01  9.09569173e-02 -1.30858813e+00  3.91375173e+00  1.54927676e-02  1.55518958e-03 
 9.82380468e-01  9.82380468e-01  5.00000000e+00  4.27398644e+00  4.33643140e+00  8.02637015e-01  8.83300173e-02 -1.25048451e+00  3.96476544e+00  1.55024342e-02  1.38641968e-03 
 9.83380468e-01  9.83380468e-01  5.00000000e+00  4.27400891e+00  4.33703691e+00  7.80290682e-01  9.19877347e-02 -1.18668575e+00  3.97146701e+00  1.54889732e-02  1.35433957e-03 
 9.84380468e-01  9.84380468e-01  5.00000000e+00  4.27399245e+00  4.34015395e+00  8.00298366e-01  8.93087722e-02 -1.12980720e+00  4.01855010e+00  1.54988316e-02  1.20057656e-03 
 9.85380468e-01  9.85380468e-01  5.00000000e+00  4.27401474e+00  4.34056801e+00  7.78110741e-01  9.29364098e-02 -1.06719985e+00  4.02160165e+00  1.54854811e-02  1.18150991e-03 
 9.86380468e-01  9.86380468e-01  5.00000000e+00  4.27399796e+00  4.34384877e+00  7.98271162e-01  9.02041699e-02 -1.01152433e+00  4.06530464e+00  1.54955358e-02  1.04076006e-03 
 9.87380468e-01  9.87380468e-01  5.00000000e+00  4.27402007e+00  4.34404853e+00  7.76218806e-01  9.38018111e-02 -9.50085262e-01  4.06521364e+00  1.54822955e-02  1.03275279e-03 
 9.88380468e-01  9.88380468e-01  5.00000000e+00  4.27400294e+00  4.34751218e+00  7.96512899e-01  9.10158979e-02 -8.95590347e-01  4.10600960e+00  1.54925480e-02  9.03314102e-04 
 9.89380468e-01  9.89380468e-01  5.00000000e+00  4.27402488e+00  4.34747328e+00  7.74575322e-01  9.45846168e-02 -8.35295883e-01  4.10321167e+00  1.54794140e-02  9.04673633e-04 
 9.90380468e-01  9.90380468e-01  5.00000000e+00  4.27400743e+00  4.35114013e+00  7.94986802e-01  9.17453226e-02 -7.81958898e-01  4.14150710e+00  1.54898632e-02  7.85095124e-04 
 9.91380468e-01  9.91380468e-01  5.00000000e+00  4.27402920e+00  4.35083691e+00  7.73146075e-01  9.52870241e-02 -7.22784983e-01  4.13637614e+00  1.54768284e-02  7.94353287e-04 
 9.92380468e-01  9.92380468e-01  5.00000000e+00  4.27401142e+00  4.35472824e+00  7.93661062e-01  9.23951930e-02 -6.70583159e-01  4.17252031e+00  1.54874712e-02  6.83399762e-04 
 9.93380468e-01  9.93380468e-01  5.00000000e+00  4.27403305e+00  4.35413404e+00  7.71901492e-01  9.59124423e-02 -6.12505530e-01  4.16537717e+00  1.54745262e-02  6.99281261e-04 
 9.94380468e-01  9.94380468e-01  5.00000000e+00  4.27401495e+00  4.35827179e+00  7.92508179e-01  9.29693372e-02 -5.61416133e-01  4.19967016e+00  1.54853579e-02  5.95902832e-04 
 9.95380468e-01  9.95380468e-01  5.00000000e+00  4.27403645e+00  4.35735941e+00  7.70816021e-01  9.64651895e-02 -5.04410492e-01  4.19079010e+00  1.54724915e-02  6.17298497e-04 
 9.96380468e-01  9.96380468e-01  5.00000000e+00  4.27401804e+00  4.36176583e+00  7.91504383e-01  9.34723701e-02 -4.54410946e-01  4.22348971e+00  1.54835064e-02  5.20604093e-04 
 9.97380468e-01  9.97380468e-01  5.00000000e+00  4.27403943e+00  4.36050794e+00  7.69867605e-01  9.69502070e-02 -3.98453120e-01  4.21310885e+00  1.54707061e-02  5.46548311e-04 
 9.98380468e-01  9.98380468e-01  5.00000000e+00  4.27402073e+00  4.36520519e+00  7.90629141e-01  9.39094255e-02 -3.49521106e-01  4.24443650e+00  1.54818978e-02  4.55782606e-04 
 9.99190234e-01  9.99190234e-01  5.00000000e+00  4.27404181e+00  4.36326835e+00  7.69110943e-01  9.73369231e-02 -3.04376188e-01  4.23099188e+00  1.54692825e-02  4.91223246e-04 
 1.00000000e+00  1.00000000e+00  5.00000000e+00  4.27402262e+00  4.36798890e+00  7.90004024e-01  9.42174458e-02 -2.66104867e-01  4.25956468e+00  1.54807642e-02  4.09276489e-04 
